NX(1)=  33     NY(1)=   9      NZ(1)=   3
   XC1()=
 6139.0960    6376.8696    6517.8424    6584.6988    6603.8799    6628.9064   
 6664.5411    6752.7130    6846.1760    6940.4418    6947.0329    6957.3226   
 6969.9248    6983.5534    7000.7738    7023.1575    7031.5725    7042.3655   
 7053.9736    7172.4254    7287.6886    7398.6883    7409.7779    7420.9142   
 7432.1682    7617.1130    7805.6164    7990.4813    8014.7407    8046.4498   
 8088.9652    8174.6882    8376.5232    8561.6030    5799.5731    6062.7290   
 6242.3615    6331.2857    6346.8594    6372.6979    6419.7269    6508.6573   
 6605.0141    6687.4748    6695.6751    6705.1542    6714.6234    6737.4568   
 6760.9414    6791.2907    6798.3981    6808.3902    6820.5261    6923.8475   
 7041.7869    7162.5773    7178.4547    7191.8857    7203.1625    7406.4826   
 7591.0011    7735.7517    7771.0350    7816.1541    7865.0354    7986.7527   
 8172.5391    8433.2286    5460.4384    5765.9531    5969.3937    6070.3235   
 6088.8404    6114.3353    6154.9436    6244.2629    6334.5689    6414.4317   
 6420.9936    6430.2782    6442.3636    6471.0508    6498.4346    6544.4480   
 6550.2840    6559.4877    6575.0724    6692.0663    6821.5062    6956.1802   
 6971.8580    6987.1834    7001.2633    7202.6612    7387.2060    7551.5764   
 7608.2612    7651.7807    7714.3292    7836.9630    8029.3587    8293.8387   
 5136.6291    5478.8525    5698.8888    5801.8729    5823.6069    5848.3847   
 5877.4920    5962.2634    6040.7345    6113.6472    6123.8447    6134.2601   
 6145.1761    6183.9370    6231.5716    6293.7474    6304.0378    6314.9072   
 6325.9708    6475.8410    6624.0557    6773.2183    6789.0853    6805.0506   
 6821.1115    7013.7790    7207.2718    7413.9537    7459.9210    7513.7131   
 7604.9626    7724.0385    7899.0254    8135.0688    4638.6914    4984.9170   
 5203.8502    5311.6783    5326.2428    5344.3472    5359.2343    5444.2302   
 5519.9107    5587.5285    5595.6500    5604.7210    5614.9110    5683.3283   
 5755.4005    5838.7072    5847.1899    5855.8197    5866.0958    6015.5139   
 6169.8984    6333.8918    6347.4920    6365.9051    6390.3883    6576.2096   
 6764.4787    6960.7461    7018.4308    7067.0163    7174.6410    7304.2120   
 7507.3287    7746.1364    4078.8745    4341.5605    4549.4124    4650.1383   
 4667.9207    4687.8635    4706.1731    4802.6780    4886.0586    4963.6555   
 4976.7822    4986.0184    4992.2225    5083.9017    5178.3845    5275.1972   
 5283.6133    5292.9666    5302.8938    5433.7126    5580.3358    5736.9864   
 5755.9872    5775.5732    5793.9455    6004.6594    6215.5717    6439.2832   
 6495.0857    6557.7922    6628.1971    6774.3062    6989.6488    7290.5641   
 3261.2258    3545.6350    3734.1062    3830.8249    3854.3739    3883.6029   
 3919.7238    4040.2559    4147.7159    4245.0019    4254.7221    4264.7979   
 4275.1828    4375.7022    4480.1772    4588.0892    4597.7686    4607.4923   
 4617.2701    4734.7417    4862.9136    5002.3836    5019.4177    5037.4464   
 5056.4013    5300.3558    5562.4610    5850.5294    5888.8077    5938.2413   
 5998.4582    6135.3479    6344.7994    6634.2051    2322.4302    2541.9929   
 2699.1080    2793.8804    2818.1657    2851.9983    2888.4778    3048.1243   
 3194.1152    3316.9518    3327.7876    3337.8588    3347.1147    3481.3422   
 3614.8700    3747.8590    3757.6096    3767.5837    3777.3521    3900.5843   
 4031.5673    4167.2337    4177.2983    4187.7479    4195.5037    4458.0028   
 4755.1539    5076.2304    5149.3025    5204.2608    5246.0718    5373.1217   
 5573.3591    5852.9322    1241.7769    1403.1732    1525.7095    1599.6093   
 1617.6810    1645.0903    1679.6838    1896.0585    2097.5131    2284.2612   
 2295.1345    2304.8680    2312.8403    2453.3333    2588.1210    2718.1509   
 2728.0163    2736.9892    2745.0251    2863.1695    2983.8083    3105.2480   
 3114.1655    3120.3402    3123.7377    3342.0156    3603.6758    3920.4991   
 3962.5232    4022.8860    4076.8267    4202.1362    4423.8679    4733.2627   
   -1.1402     134.6680     211.7968     252.1243     257.8014     270.5312   
  311.9767     564.5943     850.1800    1147.3463    1156.0308    1164.7254   
 1173.4318    1292.5399    1404.6061    1504.9939    1511.9237    1518.8663   
 1525.8536    1618.5693    1721.2788    1825.9668    1831.0488    1836.1519   
 1841.2727    1949.2638    2105.0066    2318.6990    2351.0602    2395.1173   
 2469.7623    2624.0457    2889.1649    3300.8739    6119.8463    6367.0867   
 6515.1888    6583.4146    6608.2693    6635.3149    6664.9906    6754.2451   
 6845.7437    6940.4466    6949.0728    6958.9277    6969.9863    6985.8443   
 7002.9854    7021.0053    7030.9013    7040.9060    7050.7781    7170.0575   
 7282.4426    7391.8695    7403.1550    7414.5379    7425.9759    7610.0533   
 7799.6139    7987.4595    8017.4563    8050.2429    8085.7435    8172.6397   
 8341.5728    8550.0913    5793.0356    6061.5322    6240.9960    6335.0754   
 6357.4991    6386.6391    6423.9001    6515.0418    6606.1957    6692.9596   
 6701.0403    6711.0120    6723.2951    6744.6358    6769.0722    6796.4850   
 6803.1045    6811.6444    6822.3083    6930.2627    7046.3941    7166.7570   
 7182.2195    7195.6810    7207.1070    7407.0033    7587.8276    7746.2979   
 7789.5785    7833.4156    7875.5731    7991.5537    8175.5093    8436.2500   
 5459.1272    5765.9113    5967.8758    6072.3390    6094.9371    6123.0098   
 6157.1752    6248.3058    6335.1430    6414.6990    6423.3498    6433.4479   
 6445.1707    6478.7748    6514.3811    6552.1257    6559.1983    6567.8754   
 6578.2424    6697.8844    6826.4527    6962.1963    6977.1507    6992.1046   
 7006.2726    7203.8298    7388.7439    7557.4411    7608.5018    7662.6605   
 7722.2646    7841.1905    8032.0974    8302.2173    5131.0252    5471.8787   
 5694.0045    5797.4423    5820.4406    5844.4358    5869.2702    5955.2168   
 6034.0555    6105.8614    6116.0091    6126.2508    6136.5696    6188.2805   
 6238.9088    6288.5859    6299.2119    6309.5911    6319.7392    6470.9268   
 6621.8530    6772.5222    6788.0881    6803.9355    6820.0810    7004.8632   
 7204.2460    7418.1501    7474.2403    7537.9847    7609.4272    7721.8374   
 7897.6149    8136.7352    4632.8063    4983.5470    5201.2293    5310.4833   
 5325.7130    5343.9125    5360.1737    5443.3482    5518.8597    5587.9996   
 5598.4361    5607.7897    5615.9846    5692.4156    5768.2897    5843.2897   
 5854.2993    5863.8549    5871.8628    6020.5417    6173.6210    6335.5063   
 6351.7814    6370.4756    6391.7419    6574.3549    6766.5445    6974.4192   
 7017.6818    7084.3017    7174.0832    7307.3681    7509.9106    7752.9498   
 4076.4005    4338.8236    4546.1094    4648.8454    4669.6615    4689.1953   
 4707.0479    4802.0770    4887.6003    4964.8113    4975.2089    4984.4218   
 4992.3492    5085.9133    5179.9993    5277.5969    5285.1086    5294.4521   
 5305.7509    5439.7222    5585.0502    5737.3562    5759.2747    5778.2461   
 5794.1908    6002.9315    6218.0392    6451.6153    6491.6956    6553.2524   
 6633.7002    6775.4150    6990.4919    7295.6944    3253.4153    3537.7081   
 3728.6456    3826.1779    3852.2856    3880.2841    3910.3747    4031.4019   
 4140.2766    4236.9410    4246.3271    4256.1476    4266.4260    4368.7743   
 4474.0376    4582.1531    4591.6402    4601.3825    4611.3760    4728.4671   
 4856.1386    4994.3167    5010.5672    5027.2465    5044.3600    5290.5930   
 5558.7288    5848.6668    5896.2791    5944.8341    5994.4609    6125.9753   
 6339.3586    6634.5843    2319.9597    2542.2052    2698.2052    2790.1621   
 2816.7283    2848.2517    2886.1507    3046.1602    3190.7381    3313.8148   
 3325.2805    3335.5140    3344.4796    3479.0879    3611.1056    3741.7971   
 3751.7769    3761.7047    3771.5624    3896.8826    4024.5773    4156.3900   
 4164.9374    4175.2692    4184.0480    4451.5773    4751.3626    5077.4994   
 5142.2339    5194.9115    5243.1521    5365.3924    5568.3190    5857.8424   
 1243.3129    1405.2298    1526.1982    1598.0799    1620.2343    1648.8219   
 1684.9295    1896.4870    2096.7822    2280.9931    2292.3116    2302.1417   
 2310.4829    2451.0148    2584.8273    2712.8408    2722.3391    2731.2611   
 2739.5657    2858.2225    2976.3633    3094.2644    3101.0370    3107.4934   
 3113.6408    3337.0232    3601.4378    3912.9273    3962.2907    4015.6196   
 4073.3558    4196.1731    4420.6261    4731.0267      -4.3905     133.5948   
  214.0193     253.1815     262.6203     281.0317     310.0357     564.8766   
  849.6185    1138.1395    1146.6349    1155.2473    1163.9283    1285.5432   
 1399.4528    1496.4271    1503.2320    1509.9512    1516.6055    1608.7868   
 1711.5735    1813.6679    1819.0000    1824.0718    1828.8187    1944.5089   
 2103.0343    2315.0118    2356.4498    2406.9598    2466.5703    2619.7532   
 2887.2617    3300.4837    6099.3731    6357.1056    6512.4248    6581.5605   
 6612.4222    6640.0589    6665.2359    6755.1147    6845.8233    6939.6784   
 6950.2739    6960.2681    6969.4953    6987.7221    7004.6869    7020.1852   
 7030.7453    7040.5903    7049.5587    7169.4873    7279.5515    7385.7545   
 7397.4137    7409.1222    7420.7645    7604.0976    7793.6224    7984.0584   
 8019.6269    8052.6932    8082.9867    8170.3492    8335.6621    8541.8894   
 5786.8906    6060.6262    6243.1625    6339.9066    6367.5073    6397.4517   
 6428.4413    6520.6578    6612.6205    6701.6304    6711.0969    6721.3788   
 6732.1910    6757.7802    6781.6110    6804.2600    6811.1885    6819.0524   
 6827.3140    6936.1003    7051.4299    7169.7123    7185.3157    7198.8390   
 7210.2705    7408.3762    7591.1343    7753.3494    7803.9558    7846.6176   
 7882.2103    7994.6685    8178.3150    8440.9676    5458.1086    5765.9870   
 5969.0484    6075.6120    6102.3959    6130.8475    6159.9710    6251.6327   
 6339.1348    6420.4127    6430.0115    6440.3442    6451.3143    6493.1049   
 6528.7337    6558.6974    6566.0849    6574.1225    6582.3717    6703.0299   
 6831.6857    6967.0331    6981.7709    6996.6568    7010.9569    7205.2820   
 7392.6665    7569.7274    7627.4913    7680.2422    7730.0067    7844.5763   
 8035.5350    8310.7421    5125.6974    5465.8661    5688.0945    5792.4434   
 5816.7352    5840.1753    5862.6606    5949.0120    6027.0431    6096.4618   
 6107.0593    6117.1892    6126.8794    6193.7158    6246.0387    6284.2710   
 6295.4431    6305.7717    6315.2609    6467.8634    6619.9406    6771.5074   
 6786.8858    6802.6260    6818.7317    6998.6367    7200.2272    7423.4559   
 7490.2514    7553.5600    7613.4024    7720.1954    7895.1794    8138.3669   
 4632.1158    4980.7218    5198.5680    5310.2384    5326.2571    5344.2851   
 5359.4830    5442.1767    5517.8985    5587.6033    5598.5241    5607.8962   
 5615.7932    5698.7246    5775.8638    5846.6268    5858.6104    5868.2419   
 5875.7890    6024.7191    6177.8868    6339.4798    6355.3954    6373.5716   
 6394.0808    6573.0498    6767.7815    6984.3453    7032.0137    7097.5333   
 7179.7599    7309.8457    7512.4972    7759.1739    4074.3586    4335.3385   
 4542.9827    4647.7589    4670.4072    4689.6571    4705.8334    4800.6663   
 4886.6172    4964.4316    4975.2829    4984.5538    4992.2666    5088.0725   
 5183.1679    5280.5676    5288.5996    5298.0420    5308.8234    5442.7654   
 5587.4983    5738.8137    5760.2070    5778.4207    5793.5136    6000.9366   
 6218.8449    6458.9591    6504.5530    6565.0206    6636.9957    6776.1845   
 6992.0673    7302.0454    3245.3028    3529.7164    3721.3393    3820.1625   
 3849.1849    3876.2908    3901.5609    4024.4797    4133.1987    4227.7359   
 4237.3357    4247.1627    4257.2047    4361.7602    4467.9499    4575.7723   
 4585.4099    4595.1717    4605.0535    4722.0011    4848.7750    4985.3161   
 5001.3214    5017.1740    5032.8505    5282.2985    5553.4212    5845.7262   
 5907.8713    5956.0239    5990.7646    6119.2139    6333.8899    6634.7847   
 2317.9504    2541.1786    2696.4641    2787.6827    2818.8121    2851.0551   
 2884.0162    3043.5671    3187.3017    3310.3640    3321.8564    3332.0902   
 3341.0392    3476.0499    3607.6823    3736.8521    3747.2005    3757.1231   
 3766.6066    3892.2889    4017.8788    4145.4005    4153.9519    4164.0095   
 4172.3966    4445.1998    4747.3580    5069.1947    5150.7710    5203.5294   
 5238.9797    5358.9262    5563.7634    5863.0042    1244.8601    1407.0465   
 1527.5996    1598.1030    1625.2011    1654.5431    1685.6743    1896.3176   
 2095.2830    2278.7102    2290.0232    2299.8434    2308.1734    2449.0162   
 2581.9005    2707.6274    2717.2000    2726.0457    2734.1189    2853.0457   
 2969.0242    3082.3044    3089.3395    3095.8393    3101.7900    3331.6726   
 3598.1342    3908.8404    3969.2075    4022.9730    4067.3671    4190.5942   
 4416.8205    4731.7025      -7.4486     132.4416     216.8742     254.8503   
  268.0092     286.4042     310.1241     565.5277     849.2407    1132.0444   
 1140.4599    1149.0788    1157.7832    1281.2224    1395.3854    1488.4957   
 1495.1502    1501.6813    1508.0833    1599.3604    1701.9582    1801.8869   
 1807.5383    1812.7068    1817.4674    1939.6572    2099.7458    2309.4598   
 2363.1779    2414.3529    2463.3732    2615.5596    2884.6273    3300.0021   
 6079.2161    6346.5621    6509.7870    6579.0713    6616.0765    6644.0025   
 6665.4010    6754.8467    6846.8190    6937.9204    6950.8221    6960.9081   
 6968.4382    6988.7415    7006.2911    7019.9635    7031.5344    7041.1392   
 7049.3426    7169.4418    7277.8759    7380.4190    7392.3780    7404.4659   
 7416.4361    7598.5580    7783.5088    7980.1472    8020.7986    8054.4912   
 8080.9825    8167.8448    8339.4390    8536.7195    5780.9723    6059.3248   
 6245.8413    6344.0754    6382.9728    6413.2155    6433.0744    6519.6681   
 6620.3444    6715.9195    6728.8628    6736.4476    6743.5759    6778.3361   
 6798.9115    6813.9273    6822.5680    6829.2211    6833.4616    6938.5382   
 7057.6511    7171.2723    7187.3949    7201.3199    7212.7394    7411.2848   
 7595.5790    7760.1506    7821.4851    7860.0025    7885.9962    7996.3087   
 8181.4414    8447.0507    5457.4112    5766.1543    5970.2515    6079.9492   
 6113.8278    6143.3165    6163.5364    6251.9325    6345.1693    6428.4693   
 6435.8727    6445.6739    6458.6256    6512.7492    6546.8547    6565.7500   
 6575.8302    6582.9291    6587.5057    6705.8971    6838.3147    6969.6440   
 6983.5412    6999.1257    7014.3555    7208.1361    7398.1767    7580.9430   
 7651.0855    7701.0886    7744.0331    7845.6800    8039.3347    8322.9360   
 5120.8687    5461.9638    5681.5002    5787.0206    5812.3195    5835.8609   
 5857.6407    5942.4669    6019.3236    6086.5271    6096.9020    6107.2178   
 6117.0517    6205.4770    6250.9484    6280.8725    6292.9636    6303.3809   
 6312.6472    6466.0027    6618.7057    6770.2662    6785.4801    6801.1211   
 6817.1940    6992.9810    7195.7045    7429.9217    7512.9611    7565.4295   
 7617.0066    7718.9577    7892.1580    8139.9544    4631.7416    4979.0385   
 5195.5759    5310.5920    5328.1158    5345.5692    5357.0041    5440.5499   
 5516.6594    5585.9314    5597.9892    5607.9516    5614.8883    5710.4784   
 5784.0439    5849.3388    5858.7822    5868.7490    5879.0264    6026.2051   
 6182.3570    6346.2735    6361.4513    6378.8566    6397.6500    6572.1322   
 6769.7768    7005.1390    7050.5559    7113.5048    7186.0392    7311.8808   
 7515.4674    7766.4268    4070.9749    4332.6628    4540.4593    4646.6839   
 4671.9798    4690.2498    4703.0578    4799.4822    4885.7308    4962.7630   
 4976.8219    4986.0462    4992.0055    5090.2228    5187.8648    5284.1406   
 5294.4775    5303.7803    5312.1018    5446.3693    5592.2624    5740.8436   
 5763.3250    5780.2827    5792.6004    5999.2884    6219.9176    6471.7543   
 6523.5055    6580.9533    6640.6133    6776.0623    6994.0353    7310.7447   
 3237.3585    3522.2459    3711.9979    3813.1169    3844.8400    3871.3093   
 3893.9778    4018.8509    4126.5747    4217.8540    4227.7575    4237.8283   
 4248.0951    4354.8835    4461.6909    4569.3454    4579.0746    4588.8590   
 4598.7015    4715.6720    4840.6925    4975.7345    4991.6491    5007.1707   
 5022.3128    5273.7265    5546.5691    5843.3078    5933.9180    5969.5195   
 5987.6135    6114.8435    6328.0868    6635.0163    2316.9770    2539.6223   
 2694.2439    2786.5167    2823.1970    2855.1912    2882.1639    3040.1082   
 3183.1409    3306.5150    3317.9851    3328.1551    3336.9483    3472.7742   
 3604.2806    3733.0805    3742.8679    3752.7181    3762.8164    3887.6345   
 4011.3667    4130.0062    4144.0556    4153.6941    4160.6600    4438.4708   
 4742.5816    5054.8467    5167.3411    5218.2010    5234.4071    5353.2600   
 5559.4659    5867.7661    1246.8110    1408.6637    1528.8306    1596.5640   
 1631.8420    1661.5108    1685.6239    1895.6460    2094.2493    2276.6968   
 2288.7328    2298.3889    2305.6635    2447.2808    2579.2404    2702.9027   
 2712.4877    2721.2267    2729.1207    2847.7615    2961.9011    3071.8081   
 3078.9914    3085.2771    3090.6657    3325.8038    3593.8572    3905.8510   
 3981.5802    4034.8216    4062.5765    4185.3888    4412.4277    4732.2299   
  -10.4136     129.9529     225.9699     257.0921     272.5961     290.7347   
  309.8426     565.3774     848.7174    1130.6759    1139.2741    1147.9015   
 1156.5497    1280.9582    1392.9610    1481.7950    1488.1681    1494.5437   
 1500.9098    1590.6260    1692.9000    1791.3927    1796.9431    1802.3876   
 1807.8334    1934.7237    2094.6920    2303.3257    2370.2211    2421.1219   
 2460.3756    2612.1231    2881.5192    3299.4353   

   YC1()=
   68.8237     232.8460     371.1445     455.4075     483.6398     521.7246   
  573.7663     684.2034     789.9161     892.7255     899.6805     910.4282   
  923.5260     937.5955     955.2553     978.1996     986.8130     997.8773   
 1009.9824    1139.0042    1281.5376    1434.1487    1449.1012    1464.0841   
 1479.0811    1710.2454    1907.9385    2087.8057    2108.2861    2134.9105   
 2171.2773    2247.1193    2431.1615    2835.9988     223.0279     478.5721   
  653.5172     754.0518     774.6152     809.6068     865.0825     952.4080   
 1041.1597    1139.8321    1146.8864    1159.4941    1177.1044    1194.8651   
 1220.7797    1252.7640    1263.6022    1274.0712    1283.8409    1417.8814   
 1553.8985    1695.0604    1711.2168    1724.7967    1735.3283    1944.8880   
 2143.4522    2353.9638    2396.2006    2440.8188    2486.3049    2579.9779   
 2776.0602    3081.3307     380.1990     699.6090     902.9615    1011.2570   
 1030.9226    1061.1154    1108.1059    1188.2106    1267.3849    1352.8645   
 1363.5241    1376.1918    1389.8391    1419.8100    1451.4353    1503.1525   
 1509.5635    1520.2764    1536.5864    1672.5034    1809.7713    1952.6611   
 1966.6011    1980.1399    1992.6455    2190.6852    2384.5248    2603.0492   
 2655.5561    2713.5305    2774.5680    2880.0098    3058.6080    3322.4887   
  562.9698     905.1725    1125.2093    1228.2039    1249.9269    1274.7047   
 1303.8263    1388.5834    1467.0545    1539.9722    1550.1647    1560.5801   
 1571.4900    1610.2570    1657.8916    1720.0727    1730.3578    1741.2272   
 1752.3053    1902.1610    2050.3757    2199.5606    2215.4053    2231.3706   
 2247.4508    2440.0990    2633.5972    2840.3048    2886.2410    2940.0331   
 3031.3153    3150.3585    3325.3464    3561.4013     971.1409    1291.3957   
 1499.5005    1616.9915    1634.8309    1655.5981    1672.5451    1759.6198   
 1837.7776    1909.3637    1920.5152    1931.6940    1942.3965    2027.8205   
 2114.5734    2212.1705    2221.8865    2234.1225    2246.4102    2388.8358   
 2517.3878    2634.8665    2653.0339    2674.2051    2700.6937    2939.4833   
 3231.0402    3598.2683    3668.3856    3715.3950    3794.1308    3854.1563   
 3971.1850    4125.0107    1565.7446    1810.7660    2009.4770    2117.0309   
 2138.0156    2162.0566    2182.6658    2283.1668    2366.6724    2451.6330   
 2467.5590    2478.8983    2486.5491    2595.0778    2700.5587    2814.9474   
 2824.4082    2835.5678    2848.2694    2966.3651    3088.5053    3209.1609   
 3232.9623    3256.0991    3277.7519    3544.6282    3858.9571    4257.7322   
 4326.9642    4384.2130    4432.5436    4507.8145    4634.6765    4839.6981   
 2169.0981    2459.2462    2651.2422    2750.1966    2774.5774    2805.0394   
 2842.7568    2966.7431    3076.3804    3175.7993    3185.7699    3196.1061   
 3206.7724    3309.8655    3416.4808    3526.4371    3536.2840    3546.1836   
 3556.1489    3675.4564    3805.8274    3947.9824    3965.4126    3983.9003   
 4003.3778    4252.8584    4519.8867    4814.1984    4854.0482    4905.9864   
 4969.5921    5111.0949    5324.6543    5620.3032    2595.2971    2934.7809   
 3174.7457    3323.1440    3361.0666    3431.4357    3514.5504    3676.4429   
 3820.9606    3933.9025    3947.4684    3957.4207    3963.1909    4091.3122   
 4212.4486    4338.3387    4344.0572    4354.0160    4368.3069    4492.4023   
 4626.8151    4762.6126    4772.7200    4783.2417    4791.2217    5027.4839   
 5291.9664    5575.4238    5640.0218    5705.1849    5765.4969    5923.8919   
 6159.8349    6481.6747    3134.7722    3453.1804    3693.2486    3854.0393   
 3901.0122    3979.1297    4075.7031    4389.5482    4659.8708    4885.1925   
 4896.4139    4906.6788    4915.2730    5060.3219    5206.5836    5355.1567   
 5366.9939    5377.9477    5387.9744    5529.5507    5670.1397    5807.9917   
 5817.8740    5824.9324    5829.1115    6039.2572    6278.1608    6560.9178   
 6599.1690    6665.3866    6732.9957    6887.7778    7160.0747    7540.4648   
 3746.4203    4014.0687    4217.3063    4342.6991    4366.6749    4423.9101   
 4545.4303    5123.4946    5615.4557    6031.3019    6042.5683    6053.8569   
 6065.1671    6223.5405    6391.3921    6570.9585    6583.9328    6596.9381   
 6609.9572    6773.5500    6932.6646    7092.2953    7100.3581    7108.4496   
 7116.5724    7284.2000    7482.0468    7700.4952    7732.7318    7776.6017   
 7850.9408    8005.7296    8336.6100    8823.2459      70.3989     229.3958   
  364.2514     446.5948     481.2863     520.1793     563.1254     678.4586   
  788.5389     892.2978     901.3904     911.7405     923.3131     939.8407   
  957.6117     976.3590     986.6605     997.0589    1007.5204    1140.3021   
 1283.1313    1433.1436    1448.3743    1463.5992    1478.8878    1705.5332   
 1906.7126    2088.4340    2114.2911    2142.5066    2172.9635    2250.5966   
 2471.6301    2870.8921     216.6432     470.2698     642.0568     734.3128   
  763.1961     799.0449     843.2457     938.4761    1034.4600    1127.5391   
 1136.7953    1148.5886    1163.3659    1186.9363    1214.4625    1245.4697   
 1255.1610    1266.7056    1280.2744    1408.4702    1544.6677    1685.6464   
 1701.2315    1715.0853    1727.1799    1936.1770    2142.3904    2342.7889   
 2394.2788    2439.4153    2478.2471    2572.5784    2774.0873    3088.1576   
  370.4613     689.5077     893.5209     993.4038    1018.3169    1049.2394   
 1087.2473    1173.1595    1258.8438    1341.1483    1350.4440    1362.2037   
 1376.6682    1411.8625    1450.3338    1491.7933    1501.4607    1512.9871   
 1526.4379    1660.2320    1799.4908    1942.4305    1956.6113    1970.6696   
 1984.0597    2179.3594    2384.2984    2596.4519    2656.3736    2713.3505   
 2769.4420    2871.8715    3054.4699    3321.7042     557.3452     898.1987   
 1120.3245    1223.7623    1246.7606    1270.7558    1295.5902    1381.5368   
 1460.3755    1532.1814    1542.3291    1552.5708    1562.8896    1614.6005   
 1665.2288    1714.9059    1725.5319    1735.9111    1746.0592    1897.2468   
 2048.1730    2198.8422    2214.4081    2230.2555    2246.4010    2431.1832   
 2630.5660    2844.4701    2900.5603    2964.3047    3035.7472    3148.1574   
 3323.9349    3563.0552     958.5268    1284.1628    1491.3623    1604.3929   
 1620.2516    1639.8614    1657.0722    1745.2318    1824.8898    1897.6807   
 1910.4190    1921.9297    1932.1160    2022.1697    2110.7273    2198.2517   
 2210.6557    2222.1181    2232.5656    2368.5297    2498.3050    2626.0769   
 2643.4357    2664.2840    2688.5824    2924.5724    3225.0458    3593.0070   
 3660.5588    3722.3631    3778.5302    3842.9134    3961.7382    4117.1495   
 1558.6962    1801.3020    1999.4327    2105.0623    2128.4358    2149.7000   
 2168.3777    2269.9457    2360.5129    2442.3718    2454.8653    2466.3073   
 2476.5957    2584.3042    2691.8325    2802.0462    2811.6225    2822.9340   
 2836.0902    2958.6814    3081.5072    3200.2479    3223.7328    3244.9795   
 3264.0464    3527.9095    3853.1982    4250.9534    4313.9874    4371.4879   
 4421.8459    4493.2876    4626.3159    4834.7072    2159.6442    2449.6167   
 2644.5372    2744.3550    2771.3130    2800.2724    2831.4390    2955.6785   
 3067.2443    3166.0779    3175.6682    3185.7030    3196.2061    3301.0033   
 3408.5440    3518.7641    3528.4318    3538.3592    3548.5421    3667.7012   
 3797.7792    3938.7010    3955.3005    3972.3428    3989.8331    4241.1956   
 4515.0278    4811.2290    4860.8481    4911.6819    4963.8637    5099.2824   
 5317.6682    5618.9942    2581.0644    2920.8931    3162.9803    3311.6883   
 3359.3987    3419.9823    3494.3818    3661.3847    3807.9777    3924.7038   
 3935.7584    3945.3214    3953.3483    4080.5393    4206.8559    4333.8454   
 4343.7865    4353.6899    4363.5376    4490.7995    4619.1109    4750.2151   
 4758.3573    4768.2871    4776.6653    5020.0168    5287.9818    5576.3825   
 5639.0954    5697.5996    5757.7861    5910.7317    6151.1973    6484.0636   
 3126.9792    3443.8665    3686.8480    3843.8812    3893.9907    3965.0359   
 4061.2146    4376.5370    4653.6687    4879.6630    4891.1482    4901.1477   
 4909.6609    5054.9186    5201.2954    5349.7119    5361.2697    5372.2628   
 5382.6502    5525.2515    5662.3332    5794.1716    5801.3197    5808.1476   
 5814.6623    6031.4469    6274.4934    6552.3719    6598.1886    6656.5172   
 6728.1978    6878.5816    7154.5886    7536.6461    3747.1923    4015.4976   
 4215.6204    4339.9388    4375.1599    4435.8403    4521.2771    5109.2868   
 5609.6944    6031.1541    6042.4367    6053.7817    6065.2202    6223.3981   
 6389.2768    6567.5752    6580.9310    6594.1304    6607.1371    6773.3580   
 6927.3907    7075.9733    7084.0999    7091.8243    7099.2016    7277.1303   
 7479.9160    7696.8497    7738.1266    7788.4336    7847.7958    8001.4357   
 8333.8768    8822.8644      71.6120     226.7378     357.2532     436.6745   
  478.3890     517.4986     553.4822     672.1637     785.1161     890.6221   
  901.9935     912.6229     922.3824     941.5966     959.3639     975.6641   
  986.7633     997.0938    1006.6941    1142.1643    1285.6203    1431.9884   
 1447.6455    1463.0897    1478.4795    1701.5616    1903.5743    2089.0753   
 2119.9482    2148.6052    2174.9047    2253.5646    2485.6128    2899.4626   
  208.9211     460.2327     628.4959     718.0673     752.4322     788.6609   
  825.7782     924.7839    1021.3975    1113.5687    1123.7140    1134.9888   
 1147.0789    1181.1327    1211.3491    1237.9472    1249.9121    1261.9174   
 1273.4945    1401.0472    1536.4092    1676.6714    1692.6337    1706.7470   
 1718.9988    1926.5363    2132.2626    2331.6111    2391.9006    2438.2831   
 2473.1151    2567.1586    2771.9886    3092.3434     361.2289     678.4881   
  880.2350     978.4714    1007.2274    1038.3082    1071.0257    1159.4331   
 1244.6325    1324.6073    1334.1891    1345.2921    1357.7674    1407.2853   
 1449.0089    1483.1278    1494.9148    1506.9077    1518.5851    1651.0670   
 1789.8640    1933.5910    1947.8471    1962.0451    1975.6737    2168.8207   
 2373.9114    2588.6864    2657.4482    2715.3722    2764.2504    2864.8535   
 3047.5726    3317.3484     552.0174     892.1861    1114.4145    1218.7634   
 1243.0552    1266.4953    1288.9806    1375.3320    1453.3631    1522.7818   
 1533.3793    1543.5092    1553.1994    1620.0358    1672.3587    1710.5910   
 1721.7631    1732.0917    1741.5809    1894.1834    2046.2606    2197.8274   
 2213.2058    2228.9460    2245.0517    2424.9567    2626.5472    2849.7759   
 2916.5714    2979.8800    3039.7224    3146.5154    3321.4994    3564.6869   
  949.5578    1273.7913    1479.3930    1590.7418    1607.6025    1627.0442   
 1642.9244    1730.9761    1811.1534    1884.7210    1897.9091    1909.2803   
 1918.9260    2015.7326    2105.1141    2187.3063    2200.5692    2211.8559   
 2221.3547    2352.9626    2483.6305    2617.3769    2634.8208    2655.2394   
 2678.5207    2910.9653    3212.0195    3584.7066    3664.3659    3727.1698   
 3772.5747    3833.6001    3952.1954    4110.8326    1547.9427    1789.7294   
 1986.4709    2089.8445    2115.5186    2136.4786    2153.2810    2254.8713   
 2346.1716    2428.8469    2441.7557    2453.0975    2462.8961    2573.1342   
 2681.2331    2790.0871    2800.1399    2811.3017    2823.5051    2941.4559   
 3064.5350    3188.5663    3211.9944    3232.5620    3250.4701    3513.1000   
 3839.1621    4239.3988    4315.9920    4374.5594    4412.6811    4481.7157   
 4615.1895    4827.6853    2149.8831    2440.0004    2635.6499    2736.8227   
 2766.8033    2794.7990    2820.8924    2947.0170    3058.4172    3155.1115   
 3164.9192    3174.9601    3185.2217    3292.2399    3400.7159    3510.6482   
 3520.4757    3530.4295    3540.5054    3659.6625    3788.9725    3928.3750   
 3944.7262    3960.9131    3976.9117    4231.3605    4507.9748    4806.2524   
 4871.4470    4922.0472    4958.6477    5090.8600    5310.4815    5617.5039   
 2567.0259    2908.0926    3151.1692    3304.2660    3360.3933    3419.1787   
 3478.3074    3649.8319    3797.9103    3915.1230    3926.2231    3935.7988   
 3943.8177    4072.1272    4199.1048    4325.9486    4336.2766    4346.1894   
 4355.6736    4483.5876    4610.0275    4737.0174    4745.1629    4754.8086   
 4762.7766    5011.4723    5282.1515    5567.7109    5647.1772    5704.9846   
 5750.0331    5899.7902    6142.2962    6485.3623    3120.4225    3434.5183   
 3677.6299    3837.8986    3899.0991    3967.2287    4041.2508    4364.4951   
 4644.7800    4872.5193    4884.0448    4894.0660    4902.5853    5048.5966   
 5195.3444    5343.6301    5355.4140    5366.4799    5376.7819    5520.4153   
 5654.5814    5779.5299    5786.8564    5793.6495    5799.8956    6023.8862   
 6269.7771    6548.4257    6604.9826    6662.9154    6718.3167    6869.0212   
 7146.9466    7534.7250    3747.6077    4016.8642    4214.1950    4335.0741   
 4383.0534    4439.0969    4502.5591    5098.9718    5603.7754    6028.0888   
 6039.4185    6050.7783    6062.2387    6221.2199    6386.5772    6564.3625   
 6578.0155    6591.4287    6604.5894    6773.2113    6922.8172    7061.4081   
 7069.7698    7077.4057    7084.4298    7269.9959    7476.2534    7691.3581   
 7744.8653    7795.8416    7844.6689    7997.2451    8330.0817    8822.3966   
   72.4813     224.4311     350.6053     426.0477     474.9156     514.7177   
  545.3975     665.5397     779.4652     887.1825     901.5409     912.5663   
  920.7048     942.4419     960.9909     975.4584     987.6966     997.8140   
 1006.6250    1145.5986    1288.8161    1431.0490    1447.0448    1462.7222   
 1478.2535    1697.7844    1897.6019    2089.5837    2124.7623    2153.9839   
 2177.2063    2255.6106    2492.5991    2921.2116     201.1221     450.3209   
  613.4281     699.7889     743.4490     781.2422     810.0039     916.8200   
 1002.4776    1094.6644    1104.7120    1116.7877    1126.1754    1177.9788   
 1212.0181    1229.7950    1249.0547    1260.4419    1266.5092    1400.4963   
 1528.4370    1668.2355    1685.4180    1699.6054    1710.4671    1915.0890   
 2119.9922    2317.9703    2390.9422    2437.9877    2465.7059    2564.6613   
 2768.8561    3094.1283     352.1608     668.6468     865.8075     963.4101   
  998.0881    1030.6279    1055.7647    1148.2350    1225.9337    1305.9042   
 1314.7762    1324.3019    1337.4779    1407.4324    1452.3906    1476.3428   
 1493.3822    1504.5906    1511.1650    1648.6116    1779.4834    1928.1662   
 1942.0019    1956.2974    1969.4275    2156.0801    2360.9793    2582.8902   
 2658.5581    2717.8369    2752.0119    2861.1401    3038.9605    3310.1006   
  547.1632     888.2805    1107.8202    1213.3350    1238.6395    1262.1809   
 1283.9643    1368.7872    1445.6436    1512.8434    1523.2220    1533.5378   
 1543.3530    1631.7970    1677.2684    1707.1903    1719.2836    1729.7009   
 1738.9611    1892.3227    2045.0257    2196.5628    2211.8001    2227.4411   
 2243.4890    2419.3010    2622.0245    2856.1978    2939.2811    2991.7495   
 3043.2889    3145.2706    3318.4780    3566.2499     939.7199    1269.2132   
 1463.4965    1574.2917    1594.9754    1615.0391    1626.1830    1716.8908   
 1794.7296    1869.4288    1883.0174    1894.7972    1902.9517    2011.7268   
 2100.0766    2177.7295    2192.1496    2203.2971    2210.2623    2345.2357   
 2471.7492    2608.3530    2623.5776    2644.0911    2669.2251    2896.5931   
 3195.9037    3572.4834    3670.9259    3734.7599    3767.9468    3824.8413   
 3941.1520    4104.2177    1540.1173    1785.3186    1970.7764    2070.7151   
 2099.7726    2121.3371    2136.8375    2238.8310    2329.9394    2411.7899   
 2427.9904    2438.9159    2446.2793    2561.5743    2671.2707    2778.8504   
 2789.0496    2799.6440    2809.9033    2922.0162    3046.5891    3173.4585   
 3198.2476    3218.5751    3235.7797    3496.8291    3820.5953    4227.5627   
 4323.0875    4382.1370    4401.7589    4470.7530    4602.8256    4816.9729   
 2140.2564    2431.1196    2624.3264    2727.9257    2760.8219    2788.3119   
 2811.8175    2939.9619    3049.9991    3143.3694    3153.5305    3163.8651   
 3174.3961    3283.8059    3392.7200    3502.4728    3512.4120    3522.3936   
 3532.4221    3651.7079    3779.1809    3917.3447    3933.6690    3949.5677   
 3965.0401    4221.2286    4498.8953    4800.9141    4896.3010    4934.7872   
 4954.2067    5085.2522    5302.7745    5616.0176    2551.9901    2895.4901   
 3136.4122    3299.5514    3365.9451    3423.6434    3466.1549    3642.7119   
 3790.9776    3904.8921    3920.0448    3929.7397    3934.5075    4065.7650   
 4190.3401    4316.0721    4326.4399    4336.3424    4345.3786    4474.6434   
 4599.9826    4715.2630    4732.5598    4742.2640    4749.2113    5002.6448   
 5275.1023    5552.4847    5662.0108    5717.4933    5741.2571    5889.6569   
 6133.2624    6485.1937    3114.0894    3425.5357    3666.2416    3826.7936   
 3908.2448    3974.3510    4023.2762    4353.4523    4635.3791    4862.5500   
 4875.5317    4885.7845    4893.3505    5041.1344    5188.5825    5337.3451   
 5349.3586    5360.5279    5370.8535    5515.2149    5647.0516    5766.5720   
 5774.3711    5781.2953    5787.3451    6016.3261    6263.9087    6546.9193   
 6617.5403    6674.1762    6708.7794    6859.6827    7138.8184    7532.3576   
 3747.8053    4018.0600    4223.0392    4327.4531    4387.7719    4443.0245   
 4491.3450    5092.6574    5598.3759    6020.7582    6032.2103    6043.5952   
 6054.9194    6215.9418    6383.0096    6561.2890    6574.9506    6588.5983   
 6602.2361    6772.8254    6918.6474    7049.4713    7057.1862    7064.9810   
 7072.7790    7262.8106    7470.6457    7685.2740    7751.9007    7802.6210   
 7841.7407    7994.5464    8325.5930    8821.8545   

   ZC1()=
 4235.0327    4235.4315    4249.3977    4218.2027    4194.5861    4159.7017   
 4121.9028    4103.5103    4092.5312    4040.1205    4027.9878    4009.1123   
 3982.0292    3952.4691    3915.1369    3871.6537    3856.1974    3842.6642   
 3829.0320    3796.8833    3805.5923    3841.3012    3843.0123    3844.5566   
 3845.4823    3895.3302    3935.7243    3926.8525    3902.4832    3869.5108   
 3834.5026    3811.6084    3806.8620    3919.0597    4295.4665    4333.2075   
 4348.5620    4294.5227    4274.9413    4244.8605    4216.8891    4216.8920   
 4223.1974    4175.4878    4167.7886    4149.3331    4119.4052    4084.5537   
 4036.2766    3987.5665    3971.9365    3962.4482    3958.4527    3933.9628   
 3948.7865    3976.4293    3976.2063    3976.7642    3979.4078    4041.4579   
 4100.5145    4091.4233    4059.7274    4018.3622    3964.9721    3954.5354   
 3979.5324    4037.3247    4329.4115    4401.8884    4438.6766    4394.7185   
 4375.7376    4349.8567    4324.3212    4321.3491    4330.1917    4310.4297   
 4297.2642    4283.1409    4268.6084    4222.9902    4155.8154    4075.8708   
 4066.4535    4055.6367    4048.2048    4044.6356    4068.6435    4095.2279   
 4096.9624    4098.9837    4101.3061    4162.8149    4237.0803    4256.3440   
 4216.7784    4151.2299    4081.4287    4071.1413    4101.9836    4144.0767   
 4371.6676    4458.0307    4517.5861    4505.1122    4488.5518    4466.6058   
 4442.3526    4418.1182    4424.7176    4417.9895    4414.8939    4410.0702   
 4404.9987    4368.7491    4288.4606    4173.4096    4161.2586    4151.0069   
 4142.2108    4140.4467    4171.5984    4203.4990    4205.5398    4207.5636   
 4209.6336    4265.3930    4344.2850    4387.0003    4319.4786    4228.1224   
 4154.1736    4152.2424    4192.8678    4225.4412    4464.7312    4554.2585   
 4607.9927    4597.1126    4592.4130    4578.9283    4567.3807    4552.7944   
 4554.8736    4553.2277    4544.7175    4538.1934    4535.6085    4488.2864   
 4442.1800    4388.4597    4380.3845    4367.8282    4358.2540    4354.9892   
 4374.9876    4419.1275    4413.6664    4412.4664    4413.3919    4465.0931   
 4575.1540    4678.1598    4602.2694    4479.0182    4322.3883    4324.2505   
 4337.6969    4347.3688    4608.4991    4670.9292    4710.4546    4700.9548   
 4684.6577    4678.1725    4663.1769    4672.1367    4695.1977    4673.9069   
 4664.8762    4659.4783    4657.0750    4619.1457    4620.1943    4595.3446   
 4593.4861    4588.3854    4579.7307    4611.6614    4646.7458    4646.6194   
 4638.5876    4634.6164    4631.3671    4664.7117    4765.9091    4865.9730   
 4800.5003    4689.5327    4526.6585    4497.7208    4517.5480    4529.4341   
 4769.2542    4808.6449    4849.7986    4849.0523    4833.2889    4803.8012   
 4763.8200    4727.1532    4741.8560    4746.7583    4745.2516    4743.6921   
 4741.6104    4727.0881    4740.1581    4762.8760    4765.1778    4767.6118   
 4770.0816    4814.0269    4852.3604    4879.1426    4878.4782    4876.0499   
 4871.8266    4874.2972    4930.4142    4947.9426    4912.2313    4840.4431   
 4734.5575    4657.9180    4693.6825    4713.9465    4924.0759    4943.3987   
 4973.8537    4991.2137    4987.2153    4938.4926    4841.7875    4840.1194   
 4852.9719    4880.1177    4872.5940    4872.6891    4881.4917    4884.6410   
 4909.6386    4931.4824    4947.9041    4950.0525    4934.5483    4977.9202   
 4990.9340    4987.0068    4985.6829    4983.8078    4977.9472    5008.8678   
 5027.8640    5046.0173    5031.3471    4937.4723    4812.4702    4764.6070   
 4790.9856    4829.5141    5075.9074    5100.8328    5125.7820    5108.9087   
 5090.4556    5013.5231    4891.3384    4914.9922    4963.8815    4973.1697   
 4986.5026    4987.2582    4978.5022    4993.1469    4997.5956    5006.1953   
 5006.8234    5007.4021    5007.9445    5018.2727    5027.5844    5036.7070   
 5030.2608    5029.9121    5037.6782    5052.0261    5065.2691    5062.0618   
 5056.6842    4968.7557    4835.9578    4841.7781    4879.7908    4903.7175   
 5245.4385    5261.3671    5242.0195    5173.6064    5133.2177    5026.9228   
 4874.4975    4907.6228    4958.2980    4985.8762    4986.3601    4986.8333   
 4987.2780    4992.1430    4998.6362    5004.3143    5004.8879    5005.4634   
 5006.0493    5011.7974    5018.4861    5024.1707    5024.5090    5024.8580   
 5025.2060    5030.6903    5038.5893    5022.1792    4986.6782    4920.0236   
 4848.6507    4860.5548    4898.8291    4926.5318    4299.1624    4305.9879   
 4295.5377    4270.3355    4247.1412    4221.9927    4194.8666    4172.0432   
 4130.9200    4071.5920    4063.5591    4052.6264    4038.7917    4015.3983   
 3990.8579    3965.1616    3955.7569    3947.2649    3939.6786    3891.7725   
 3874.8854    3889.0151    3890.3844    3891.7962    3893.2464    3943.7247   
 3967.4475    3964.1126    3939.6307    3913.9079    3886.9437    3867.2322   
 3903.1903    3983.2139    4349.5795    4384.6458    4393.0569    4375.3285   
 4349.0228    4323.2430    4298.0319    4282.2491    4262.6420    4238.5657   
 4223.9861    4207.1763    4188.1540    4157.3881    4123.7631    4087.0837   
 4070.3802    4054.0799    4038.2006    4009.4244    4003.5059    4020.2871   
 4021.4644    4022.6594    4023.9040    4077.7150    4114.6568    4134.9743   
 4096.7940    4056.2899    4014.1552    3998.5611    4020.5485    4079.1487   
 4394.3295    4456.4995    4481.7812    4471.9787    4450.3411    4429.2982   
 4408.8897    4394.0802    4383.6044    4377.0148    4364.4747    4350.6106   
 4335.4600    4289.6708    4238.0896    4180.5038    4164.7816    4149.5586   
 4134.8397    4120.2632    4123.6624    4144.9600    4146.1304    4147.4734   
 4148.9716    4205.8500    4252.7334    4290.3259    4235.1992    4177.9294   
 4118.1744    4109.9630    4128.8334    4173.7406    4437.4352    4520.7962   
 4561.8364    4560.5623    4551.1130    4540.1574    4527.6662    4507.4238   
 4493.7335    4486.6060    4485.0248    4482.9293    4480.3158    4412.2462   
 4333.8373    4245.1164    4238.9610    4233.7010    4229.3387    4224.2218   
 4235.2886    4262.5342    4264.3993    4266.2534    4268.0978    4328.3746   
 4381.8157    4428.4217    4354.8475    4278.8270    4200.3516    4201.4706   
 4224.2851    4268.8002    4516.0694    4605.6616    4648.2453    4647.8016   
 4639.6951    4631.5134    4621.9564    4621.9385    4621.0920    4619.8962   
 4614.8550    4608.9721    4602.2387    4559.0891    4511.3559    4459.1662   
 4450.5495    4441.8291    4432.9969    4429.9560    4441.6094    4468.5387   
 4469.4476    4469.7783    4469.5728    4526.2180    4607.6748    4712.9595   
 4618.0316    4509.6592    4387.8418    4381.2648    4387.0283    4406.4445   
 4663.4374    4728.1130    4763.7405    4761.3445    4753.4106    4743.3015   
 4730.7975    4730.1644    4730.3934    4732.2775    4727.9863    4722.9833   
 4717.2636    4694.9734    4675.6591    4659.7708    4653.5432    4647.2366   
 4640.8599    4649.8500    4666.7793    4690.8990    4692.5924    4692.6284   
 4690.7523    4737.4051    4808.7003    4905.8817    4818.5003    4715.1261   
 4595.6156    4572.1847    4568.2487    4583.1741    4845.0439    4888.1505   
 4908.3098    4905.4846    4892.2629    4875.5204    4855.2714    4832.1070   
 4821.6424    4823.8624    4824.4183    4824.9629    4825.5093    4819.8994   
 4826.7500    4846.0419    4847.9420    4849.9228    4851.9737    4883.9128   
 4910.8047    4932.6393    4933.8330    4934.8039    4935.5732    4961.9334   
 4984.8478    5004.2132    4956.2634    4895.2261    4821.0263    4774.2335   
 4767.9462    4802.1489    4990.4824    5026.5539    5047.5965    5054.0088   
 5019.8894    4976.7605    4925.2639    4926.1688    4934.9079    4949.6250   
 4951.0545    4952.2182    4953.1095    4963.8981    4977.0957    4992.9353   
 4993.9284    4994.9564    4996.0162    5012.3044    5028.7648    5046.0676   
 5045.4107    5045.3640    5044.5992    5064.2288    5085.1256    5106.8182   
 5047.0236    4969.2885    4874.7629    4854.5325    4863.9470    4902.4961   
 5142.1605    5166.7566    5170.2375    5151.5763    5106.5630    5046.0089   
 4971.4618    4983.5242    5003.0325    5027.3123    5028.7983    5030.0413   
 5031.0423    5045.5246    5058.3934    5069.7882    5070.5235    5071.1912   
 5071.7846    5079.3993    5088.8262    5100.0412    5100.2504    5100.3701   
 5100.4031    5112.3903    5121.7675    5129.7319    5069.7280    4994.9594   
 4905.6166    4903.4602    4923.7205    4964.9549    5296.0201    5308.9908   
 5276.1286    5198.4120    5152.3028    5083.3565    4991.4116    5005.4794   
 5026.4131    5056.8018    5057.5722    5058.3551    5059.1452    5064.8489   
 5070.8442    5076.7923    5077.7182    5078.6165    5079.4891    5084.7199   
 5091.0018    5096.7578    5098.3545    5099.8258    5101.1737    5106.4150   
 5094.7275    5066.2293    5024.3866    4972.2375    4909.7867    4921.0225   
 4947.2509    4988.5277    4363.2310    4368.3823    4356.4370    4330.2412   
 4301.7794    4277.4236    4257.0997    4232.3706    4189.1806    4127.5624   
 4115.9632    4105.4130    4095.9031    4070.7483    4049.4376    4031.9670   
 4022.8731    4015.4386    4009.6618    3957.6959    3932.9717    3935.5961   
 3935.8945    3936.4375    3937.2159    3985.9559    4008.9034    4005.8751   
 3978.3548    3954.5265    3934.3795    3914.0415    3952.4317    4038.5222   
 4410.8190    4444.3889    4456.4354    4447.8318    4418.6908    4392.2380   
 4368.1308    4343.5768    4324.3743    4310.1307    4296.8668    4283.7683   
 4270.7867    4232.9134    4198.3827    4166.9546    4144.4637    4125.2914   
 4109.4818    4071.6695    4056.1490    4062.7937    4062.8942    4063.2168   
 4063.7923    4114.8857    4152.9180    4178.1544    4131.2521    4088.6332   
 4050.8683    4035.3813    4059.1339    4121.2175    4456.2080    4514.7736   
 4543.8844    4545.4432    4524.0756    4503.5294    4483.5846    4459.4444   
 4451.3830    4459.1422    4449.5769    4439.5549    4429.0595    4362.7286   
 4305.6916    4257.7821    4236.2468    4218.0684    4203.2261    4181.5124   
 4177.6397    4191.5496    4191.7710    4192.2739    4193.0394    4245.8119   
 4293.5051    4336.7764    4269.9622    4208.9967    4153.5648    4143.9462   
 4163.7397    4211.8119    4503.1184    4578.7130    4618.9004    4623.6901   
 4617.9746    4611.3064    4603.6686    4579.8757    4570.1148    4574.3204   
 4574.0928    4572.7728    4570.3654    4460.1937    4371.3642    4303.9625   
 4298.2223    4293.7696    4290.6049    4287.1532    4297.4152    4321.3903   
 4322.5365    4323.6146    4324.6251    4378.9371    4430.8012    4480.2198   
 4394.4871    4315.6166    4243.6042    4239.7517    4262.6784    4312.3834   
 4578.8948    4665.3908    4708.6304    4712.4737    4705.0698    4698.3281   
 4690.8579    4691.2272    4692.6213    4695.4224    4691.2974    4686.3830   
 4680.6959    4626.3057    4572.7523    4520.1602    4510.8350    4502.2694   
 4494.4773    4491.7841    4499.8692    4519.2749    4519.8863    4520.6563   
 4521.6124    4582.2136    4663.8246    4765.4645    4646.7543    4536.4593   
 4434.6805    4429.1356    4436.3518    4457.8690    4730.3748    4793.6562   
 4829.7364    4828.6288    4819.8088    4810.5963    4801.0442    4802.8438   
 4804.1154    4805.5593    4801.7768    4797.4927    4792.7201    4773.8901   
 4752.4415    4728.8588    4721.6589    4715.1242    4709.2393    4715.5210   
 4726.5383    4741.5468    4743.1120    4744.0177    4744.0232    4800.0798   
 4876.8156    4975.5061    4855.9366    4748.4876    4652.8747    4633.5374   
 4632.5264    4649.5896    4921.5069    4963.5091    4982.2059    4977.5744   
 4962.1953    4948.1098    4935.2977    4914.7307    4904.6019    4904.9136   
 4905.5305    4906.1020    4906.6323    4902.9473    4910.4351    4929.1004   
 4930.6937    4932.3331    4934.0079    4958.3731    4977.4288    4991.1497   
 4992.2129    4993.6989    4995.6084    5032.5331    5069.7299    5107.1170   
 5022.0440    4951.7001    4896.0371    4852.9606    4851.2021    4890.7550   
 5059.2979    5100.1319    5120.1486    5120.4464    5071.4461    5029.9651   
 4996.0612    4997.9369    5005.8073    5018.2528    5019.6423    5020.8038   
 5021.7333    5034.3693    5049.8408    5068.3183    5069.3736    5070.4023   
 5071.4026    5086.3731    5101.1690    5116.4368    5115.8468    5116.0112   
 5115.7736    5140.4616    5167.5418    5195.9722    5098.2250    5014.4235   
 4946.2269    4929.6620    4943.6111    4987.4448    5202.7090    5233.0898   
 5234.9555    5207.7249    5144.0281    5089.4578    5044.3897    5054.2298   
 5070.9505    5092.6562    5094.0855    5095.3145    5096.3449    5112.3492   
 5127.5304    5142.0043    5142.8538    5143.6275    5144.3193    5153.2723   
 5163.7644    5175.7469    5176.0326    5176.1915    5176.2194    5190.4993   
 5201.0501    5209.3808    5116.8370    5038.0515    4972.5711    4971.5424   
 4994.7322    5041.0445    5346.1869    5362.5630    5326.4706    5238.9125   
 5179.9732    5126.6162    5078.7343    5084.6189    5100.3582    5128.0856   
 5128.8604    5129.6358    5130.4102    5136.8835    5143.6004    5150.2114   
 5151.1125    5151.9854    5152.8300    5158.4863    5165.2002    5171.1041   
 5172.7708    5174.2411    5175.5469    5182.6421    5170.2065    5138.3466   
 5077.8901    5022.5825    4972.4814    4978.6073    5004.5498    5050.3691   
 4427.7166    4426.4122    4432.7046    4397.9808    4358.2915    4327.7002   
 4308.6863    4279.6452    4289.3737    4208.0014    4185.3396    4166.9814   
 4153.3553    4117.9686    4091.2797    4072.0479    4058.2354    4046.7520   
 4038.9429    3996.1449    3988.8574    3981.0564    3979.4648    3978.2971   
 3977.3776    4026.3250    4077.5948    4052.1309    4017.6116    3992.4607   
 3976.8153    3950.3140    3980.1200    4085.1175    4473.6326    4503.6022   
 4526.0468    4521.6351    4491.9911    4462.1000    4432.7907    4375.0737   
 4398.5492    4397.3390    4392.8486    4380.7342    4372.3211    4311.6379   
 4259.6948    4229.1798    4192.4490    4172.9902    4164.2725    4104.1446   
 4109.2639    4103.5353    4099.9943    4098.7077    4099.8106    4156.1458   
 4198.2686    4228.7340    4169.8596    4120.0347    4089.1632    4060.9609   
 4097.9089    4162.6890    4518.5085    4567.8542    4610.3990    4622.8914   
 4604.2070    4581.1552    4555.2657    4511.7489    4526.0136    4546.6880   
 4539.9215    4537.9578    4538.9944    4442.9863    4363.2442    4318.3483   
 4286.6028    4268.0373    4258.3259    4217.6215    4235.7057    4228.8886   
 4226.8841    4226.5815    4228.1460    4290.2061    4342.1485    4385.5225   
 4309.3907    4241.1760    4211.2796    4163.3112    4203.8618    4261.4356   
 4568.7468    4624.4946    4683.0929    4694.5167    4689.1677    4680.8839   
 4670.3444    4633.1142    4651.3567    4681.3453    4681.6039    4680.5774   
 4675.3330    4514.8005    4398.9851    4349.9576    4339.4471    4330.8719   
 4326.0241    4338.1843    4354.3440    4380.0685    4380.0866    4379.6058   
 4379.2191    4426.0145    4491.4210    4542.3921    4443.7825    4346.2475   
 4283.9155    4268.9299    4303.6362    4356.1929    4652.6407    4707.6437   
 4779.6670    4789.6573    4782.4101    4774.7066    4777.4597    4759.7213   
 4774.2158    4782.4449    4792.3880    4788.5478    4774.9478    4705.3183   
 4633.4874    4576.4612    4560.8639    4551.3305    4549.9113    4533.3745   
 4552.9264    4573.0432    4578.2280    4578.4527    4572.5529    4638.0756   
 4731.0634    4854.6698    4681.1446    4563.6340    4488.7921    4474.7132   
 4491.9204    4513.2919    4785.5375    4842.6140    4910.1989    4903.5323   
 4900.1009    4889.3240    4873.0031    4886.2528    4891.2673    4891.4787   
 4886.9525    4883.2345    4879.9201    4855.1303    4836.5374    4802.1349   
 4799.6176    4793.0620    4785.2611    4792.8050    4797.5328    4798.3916   
 4802.4673    4802.0130    4796.5012    4865.4819    4962.6448    5083.3403   
 4905.1118    4782.7497    4712.2304    4690.3849    4701.5762    4731.8501   
 4998.7483    5028.2875    5074.6316    5065.3833    5042.5375    5020.8436   
 5004.0639    4982.5507    4990.4541    4990.0240    4988.7027    4986.9532   
 4985.1179    4976.1214    4993.7322    5012.1176    5013.4547    5014.8503   
 5016.2509    5035.7641    5057.0877    5054.7869    5053.0275    5051.8835   
 5052.1062    5103.8149    5177.9520    5256.7637    5115.5255    5007.3324   
 4959.6193    4912.4019    4943.7659    4979.7672    5140.2423    5171.8542   
 5206.8204    5194.1830    5133.6898    5089.8172    5059.0113    5041.9243   
 5057.0804    5085.7957    5069.7513    5071.3570    5087.5748    5094.0390   
 5125.1492    5156.0883    5154.8510    5156.2117    5163.3392    5172.3607   
 5184.3765    5229.3691    5194.1669    5193.5846    5193.3110    5226.7278   
 5271.0061    5317.2333    5162.2728    5063.4511    5028.2579    5001.2309   
 5030.6865    5082.7839    5265.2508    5297.4931    5312.3012    5293.8357   
 5189.7686    5135.9917    5116.2643    5130.4105    5148.7337    5178.2487   
 5169.3193    5170.3089    5180.6953    5189.3418    5207.1390    5223.5152   
 5224.3129    5225.0497    5225.7540    5237.1413    5246.9193    5257.5227   
 5258.0938    5258.5961    5259.0319    5279.2693    5297.2827    5297.2150   
 5174.6457    5087.1049    5037.0085    5040.5586    5075.0856    5136.8684   
 5395.9302    5436.1772    5407.4941    5295.0257    5213.8319    5160.4532   
 5136.8976    5143.5508    5175.7469    5199.4926    5199.9919    5200.4329   
 5200.8142    5208.4255    5216.7675    5224.6207    5225.1083    5225.5961   
 5226.1276    5234.7282    5240.3755    5247.4225    5247.7664    5248.1099   
 5248.4527    5258.7748    5274.0211    5238.7075    5145.5854    5075.9023   
 5036.7533    5025.0708    5069.0795    5112.0558   

