 
$ ROCK TYPES
ROCK1(,  1,  1) = 
 1   1   1   1   1   1   1   1   1   1   1   1   1   1   1
 1   1   1   1   1
ROCK1(,  2,  1) = 
 1   1   1   1   1   1   1   1   1   1   1   1   1   1   1
 1   1   1   1   1
ROCK1(,  3,  1) = 
 1   1   1   1   1   1   1   1   1   1   1   1   1   1   1
 1   1   1   1   1
ROCK1(,  4,  1) = 
 1   1   1   1   1   1   1   1   1   1   1   1   1   1   1
 1   1   1   1   1
ROCK1(,  5,  1) = 
 1   1   1   1   1   1   1   1   1   1   1   1   1   1   1
 1   1   1   1   1
ROCK1(,  6,  1) = 
 1   1   1   1   1   1   1   1   1   1   1   1   1   1   1
 1   1   1   1   1
ROCK1(,  7,  1) = 
 1   1   1   1   1   1   1   1   1   1   1   1   1   1   1
 1   1   1   1   1
ROCK1(,  8,  1) = 
 1   1   1   1   1   1   1   1   2   1   1   1   1   1   1
 1   1   1   1   1
ROCK1(,  9,  1) = 
 1   1   1   1   1   1   1   1   2   1   1   1   1   1   1
 1   1   1   1   1
ROCK1(, 10,  1) = 
 1   1   1   1   1   2   2   2   2   1   1   1   1   1   1
 1   1   1   1   1
ROCK1(, 11,  1) = 
 1   1   1   1   2   2   2   1   1   1   1   1   1   1   1
 1   1   1   1   1
ROCK1(, 12,  1) = 
 1   1   1   1   2   2   2   1   1   1   1   1   1   1   1
 1   1   1   1   1
ROCK1(, 13,  1) = 
 1   1   1   1   1   1   1   1   1   1   1   1   1   1   1
 1   1   1   1   1
ROCK1(, 14,  1) = 
 1   2   2   1   1   1   1   1   1   1   1   1   1   1   1
 1   1   1   1   1
ROCK1(, 15,  1) = 
 1   2   2   1   1   1   1   1   1   1   1   1   1   1   1
 1   1   1   1   1
ROCK1(, 16,  1) = 
 1   2   2   2   1   1   1   1   1   1   1   1   1   1   1
 1   1   1   1   1
ROCK1(, 17,  1) = 
 1   1   2   2   1   1   1   1   1   1   1   1   1   1   1
 1   1   1   1   1
ROCK1(, 18,  1) = 
 1   1   2   2   2   1   1   1   1   1   1   1   1   1   1
 1   1   1   1   1
ROCK1(, 19,  1) = 
 1   2   2   2   2   1   1   1   1   1   1   1   1   1   1
 1   1   1   1   1
ROCK1(, 20,  1) = 
 1   1   2   1   1   1   1   1   1   1   1   1   1   1   1
 1   1   1   1   1
ROCK1(, 21,  1) = 
 1   1   2   1   1   1   1   1   1   1   1   1   1   1   1
 1   1   1   1   1
ROCK1(, 22,  1) = 
 1   2   2   1   1   1   1   1   1   1   1   1   1   1   1
 1   1   1   1   1
ROCK1(, 23,  1) = 
 1   1   1   1   1   1   1   1   1   1   1   1   1   1   1
 1   1   1   1   1
ROCK1(, 24,  1) = 
 1   1   1   1   1   1   1   1   1   1   1   1   1   1   1
 1   1   1   1   1
ROCK1(, 25,  1) = 
 1   1   1   1   1   1   1   1   1   1   1   1   1   1   1
 1   1   1   1   1
ROCK1(,  1,  2) = 
 1   1   1   1   1   1   1   1   1   1   1   1   1   1   1
 1   1   1   1   1
ROCK1(,  2,  2) = 
 1   1   1   1   1   1   1   1   1   1   1   1   1   1   1
 1   1   1   1   1
ROCK1(,  3,  2) = 
 1   1   1   1   1   1   1   1   1   1   1   1   1   1   1
 1   1   1   1   1
ROCK1(,  4,  2) = 
 1   1   1   1   1   1   1   1   1   1   1   1   1   1   1
 1   1   1   1   1
ROCK1(,  5,  2) = 
 1   1   1   1   1   1   1   1   1   1   1   1   1   1   1
 1   1   1   1   1
ROCK1(,  6,  2) = 
 1   1   1   1   1   1   1   1   1   1   1   1   1   1   1
 1   1   1   1   1
ROCK1(,  7,  2) = 
 1   1   1   1   1   1   2   1   1   1   1   1   1   1   1
 1   1   1   1   1
ROCK1(,  8,  2) = 
 1   1   1   1   1   1   1   1   1   1   1   1   1   1   1
 1   1   1   1   1
ROCK1(,  9,  2) = 
 1   1   1   1   1   1   1   1   1   1   1   1   1   1   1
 1   1   1   1   1
ROCK1(, 10,  2) = 
 1   1   1   1   1   2   1   1   1   1   1   1   1   1   1
 1   1   1   1   1
ROCK1(, 11,  2) = 
 1   1   1   1   2   2   1   1   1   1   1   1   1   1   1
 1   1   1   1   1
ROCK1(, 12,  2) = 
 1   1   1   1   2   2   1   1   2   1   1   1   1   1   1
 1   1   1   1   1
ROCK1(, 13,  2) = 
 1   1   2   2   2   1   1   1   2   1   1   1   1   1   1
 1   1   1   1   1
ROCK1(, 14,  2) = 
 1   2   2   1   1   1   1   1   1   1   1   1   1   1   1
 1   1   1   1   1
ROCK1(, 15,  2) = 
 1   2   2   1   1   1   1   1   1   1   1   1   1   1   1
 1   1   1   1   1
ROCK1(, 16,  2) = 
 1   2   2   2   2   1   1   1   1   1   1   1   1   1   1
 1   1   1   1   1
ROCK1(, 17,  2) = 
 1   1   2   2   1   1   1   1   1   1   1   1   1   1   1
 1   1   1   1   1
ROCK1(, 18,  2) = 
 1   1   2   2   2   1   1   1   1   1   1   1   1   1   1
 1   1   1   1   1
ROCK1(, 19,  2) = 
 1   2   2   2   2   1   1   1   1   1   1   1   1   1   1
 1   1   1   1   1
ROCK1(, 20,  2) = 
 1   1   2   1   1   1   1   1   1   1   1   1   1   1   1
 1   1   1   1   1
ROCK1(, 21,  2) = 
 1   1   2   1   1   1   1   1   1   1   1   1   1   1   1
 1   1   1   1   1
ROCK1(, 22,  2) = 
 1   2   2   2   2   1   1   1   1   1   1   1   1   1   1
 1   1   1   1   1
ROCK1(, 23,  2) = 
 1   1   1   2   2   1   1   1   1   1   1   1   1   1   1
 1   1   1   1   1
ROCK1(, 24,  2) = 
 1   1   1   1   1   1   1   1   1   1   1   1   1   1   1
 1   1   1   1   1
ROCK1(, 25,  2) = 
 1   1   1   1   1   1   1   1   1   1   1   1   1   1   1
 1   1   1   1   1
ROCK1(,  1,  3) = 
 1   1   1   1   1   1   1   1   1   1   1   1   1   1   1
 1   1   1   1   1
ROCK1(,  2,  3) = 
 1   1   1   1   1   1   1   1   1   1   1   1   1   1   1
 1   1   1   1   1
ROCK1(,  3,  3) = 
 1   1   1   1   1   1   1   1   1   1   1   1   1   1   1
 1   1   1   1   1
ROCK1(,  4,  3) = 
 1   1   1   1   1   1   1   1   1   1   1   1   1   1   1
 1   1   1   1   1
ROCK1(,  5,  3) = 
 1   1   1   1   1   1   1   1   1   1   1   1   1   1   1
 1   1   1   1   1
ROCK1(,  6,  3) = 
 1   1   1   1   1   1   1   1   1   1   1   1   1   1   1
 1   1   1   1   1
ROCK1(,  7,  3) = 
 1   1   1   1   1   1   2   1   1   2   1   1   1   1   1
 1   1   1   1   1
ROCK1(,  8,  3) = 
 1   1   1   1   1   1   2   1   1   2   1   1   1   1   1
 1   1   1   1   1
ROCK1(,  9,  3) = 
 1   1   1   1   1   1   1   2   1   1   2   1   1   1   1
 1   1   1   1   1
ROCK1(, 10,  3) = 
 1   1   1   1   1   1   1   1   1   1   2   1   1   1   1
 1   1   1   1   1
ROCK1(, 11,  3) = 
 1   1   1   1   1   1   1   1   1   2   2   1   1   1   1
 1   1   1   1   1
ROCK1(, 12,  3) = 
 1   1   1   1   2   2   1   1   1   2   2   1   1   1   1
 1   1   1   1   1
ROCK1(, 13,  3) = 
 1   1   2   2   2   2   1   1   2   1   1   1   1   1   1
 1   1   1   1   1
ROCK1(, 14,  3) = 
 1   1   2   1   1   2   1   1   1   1   1   1   1   1   1
 1   1   1   1   1
ROCK1(, 15,  3) = 
 1   1   2   1   1   1   1   1   1   1   1   1   1   1   1
 1   1   1   1   1
ROCK1(, 16,  3) = 
 1   1   2   2   2   2   2   1   1   1   1   1   1   1   1
 1   1   1   1   1
ROCK1(, 17,  3) = 
 1   1   1   1   2   2   2   2   1   1   1   1   1   1   1
 1   1   1   1   1
ROCK1(, 18,  3) = 
 1   1   1   1   1   2   2   2   1   1   1   1   1   1   1
 1   1   1   1   1
ROCK1(, 19,  3) = 
 1   1   1   2   2   1   1   1   1   1   1   1   1   1   1
 1   1   1   1   1
ROCK1(, 20,  3) = 
 1   1   1   2   2   1   1   1   1   1   1   1   1   1   1
 1   1   1   1   1
ROCK1(, 21,  3) = 
 1   1   1   1   2   2   1   1   1   1   1   1   1   1   1
 1   1   1   1   1
ROCK1(, 22,  3) = 
 1   1   1   2   1   1   1   1   1   1   1   1   1   1   1
 1   1   1   1   1
ROCK1(, 23,  3) = 
 1   1   1   2   1   1   2   1   1   1   1   1   1   1   1
 1   1   1   1   1
ROCK1(, 24,  3) = 
 1   1   1   1   1   2   2   1   1   1   1   1   1   1   1
 1   1   1   1   1
ROCK1(, 25,  3) = 
 1   1   1   1   1   1   1   1   1   1   1   1   1   1   1
 1   1   1   1   1
ROCK1(,  1,  4) = 
 1   1   1   1   1   1   1   1   1   1   1   1   1   1   1
 1   1   1   1   1
ROCK1(,  2,  4) = 
 1   1   1   1   1   1   1   1   1   1   1   1   1   1   1
 1   1   1   1   1
ROCK1(,  3,  4) = 
 1   1   1   1   1   1   1   1   1   1   1   1   1   1   1
 1   1   1   1   1
ROCK1(,  4,  4) = 
 1   1   1   1   1   1   1   1   1   1   1   1   1   1   1
 1   1   1   1   1
ROCK1(,  5,  4) = 
 1   1   1   1   1   1   1   1   1   1   1   1   1   1   1
 1   1   1   1   1
ROCK1(,  6,  4) = 
 1   1   1   1   1   1   1   1   1   1   1   1   1   1   1
 1   1   1   1   1
ROCK1(,  7,  4) = 
 1   1   1   1   1   1   1   1   1   1   1   1   1   1   1
 1   1   1   1   1
ROCK1(,  8,  4) = 
 1   1   1   1   1   1   1   1   1   1   1   1   1   1   1
 1   1   1   1   1
ROCK1(,  9,  4) = 
 1   1   1   1   1   1   1   1   2   2   2   2   1   1   1
 1   1   1   1   1
ROCK1(, 10,  4) = 
 1   1   1   1   1   1   1   1   1   2   2   2   1   1   1
 1   1   1   1   1
ROCK1(, 11,  4) = 
 1   1   1   1   1   1   1   1   1   2   2   2   1   1   1
 1   1   1   1   1
ROCK1(, 12,  4) = 
 1   1   1   1   2   2   1   1   1   2   2   2   1   1   1
 1   1   1   1   1
ROCK1(, 13,  4) = 
 1   1   1   1   2   2   1   1   1   1   1   1   1   1   1
 1   1   1   1   1
ROCK1(, 14,  4) = 
 1   1   1   2   2   2   2   2   1   1   1   1   1   1   1
 1   1   1   1   1
ROCK1(, 15,  4) = 
 1   1   1   2   2   2   2   2   1   1   1   1   1   1   1
 1   1   1   1   1
ROCK1(, 16,  4) = 
 1   1   1   1   2   2   1   1   2   1   1   1   1   1   1
 1   1   1   1   1
ROCK1(, 17,  4) = 
 1   1   1   1   2   2   1   1   2   1   1   1   1   1   1
 1   1   1   1   1
ROCK1(, 18,  4) = 
 1   1   1   1   1   2   2   2   1   1   1   1   1   1   1
 1   1   1   1   1
ROCK1(, 19,  4) = 
 1   1   1   2   2   1   1   1   1   1   1   1   1   1   1
 1   1   1   1   1
ROCK1(, 20,  4) = 
 1   1   1   2   2   1   1   1   1   1   1   1   1   1   1
 1   1   1   1   1
ROCK1(, 21,  4) = 
 1   1   1   1   2   2   2   1   1   1   1   1   1   1   1
 1   1   1   1   1
ROCK1(, 22,  4) = 
 1   1   1   1   1   1   2   1   1   1   1   1   1   1   1
 1   1   1   1   1
ROCK1(, 23,  4) = 
 1   1   1   1   1   1   2   2   1   1   1   1   1   1   1
 1   1   1   1   1
ROCK1(, 24,  4) = 
 1   1   1   1   1   2   2   2   1   1   1   1   1   1   1
 1   1   1   1   1
ROCK1(, 25,  4) = 
 1   1   1   1   1   1   1   1   1   1   1   1   1   1   1
 1   1   1   1   1
ROCK1(,  1,  5) = 
 1   1   1   1   1   1   1   1   1   1   1   1   1   1   1
 1   1   1   1   1
ROCK1(,  2,  5) = 
 1   1   1   1   1   1   1   1   1   1   1   1   1   1   1
 1   1   1   1   1
ROCK1(,  3,  5) = 
 1   1   1   1   1   1   1   1   1   1   1   1   1   1   1
 1   1   1   1   1
ROCK1(,  4,  5) = 
 1   1   1   1   1   1   1   1   1   1   1   1   1   1   1
 1   1   1   1   1
ROCK1(,  5,  5) = 
 1   1   1   1   1   1   1   1   1   1   1   1   1   1   1
 1   1   1   1   1
ROCK1(,  6,  5) = 
 1   1   1   1   1   1   1   1   1   1   2   1   1   1   1
 1   1   1   1   1
ROCK1(,  7,  5) = 
 1   1   1   1   1   1   1   1   1   1   2   1   1   1   1
 1   1   1   1   1
ROCK1(,  8,  5) = 
 1   1   1   1   1   1   1   1   1   1   1   1   1   1   1
 1   1   1   1   1
ROCK1(,  9,  5) = 
 1   1   1   1   1   1   1   1   2   1   1   1   2   1   1
 1   1   1   1   1
ROCK1(, 10,  5) = 
 1   1   1   1   1   1   1   1   1   2   1   1   2   1   1
 1   1   1   1   1
ROCK1(, 11,  5) = 
 1   1   1   1   1   1   1   1   1   1   2   2   1   1   1
 1   1   1   1   1
ROCK1(, 12,  5) = 
 1   1   1   1   2   2   1   2   1   1   2   2   1   1   1
 1   1   1   1   1
ROCK1(, 13,  5) = 
 1   1   1   1   2   2   2   2   2   1   1   1   1   1   1
 1   1   1   1   1
ROCK1(, 14,  5) = 
 1   1   1   1   2   2   2   2   2   1   1   1   1   1   1
 1   1   1   1   1
ROCK1(, 15,  5) = 
 1   1   1   1   1   2   2   2   2   2   1   1   1   1   1
 1   1   1   1   1
ROCK1(, 16,  5) = 
 1   1   1   1   1   2   1   1   2   2   1   1   1   1   1
 1   1   1   1   1
ROCK1(, 17,  5) = 
 1   1   1   1   1   1   1   1   2   1   1   1   1   1   1
 1   1   1   1   1
ROCK1(, 18,  5) = 
 1   1   1   1   1   1   1   1   1   1   1   1   1   1   1
 1   1   1   1   1
ROCK1(, 19,  5) = 
 1   1   1   1   1   1   1   1   1   1   2   2   1   1   1
 1   1   1   1   1
ROCK1(, 20,  5) = 
 1   1   1   1   1   1   1   1   1   1   2   2   1   1   1
 1   1   1   1   1
ROCK1(, 21,  5) = 
 1   1   1   1   1   1   1   2   1   1   1   1   1   1   1
 1   1   1   1   1
ROCK1(, 22,  5) = 
 1   1   1   1   1   2   2   2   1   1   1   1   1   1   1
 1   1   1   1   1
ROCK1(, 23,  5) = 
 1   1   1   1   1   2   2   2   2   1   1   1   1   1   1
 1   1   1   1   1
ROCK1(, 24,  5) = 
 1   1   1   1   1   2   2   2   2   1   1   1   1   1   1
 1   1   1   1   1
ROCK1(, 25,  5) = 
 1   1   1   1   1   1   1   1   1   1   1   1   1   1   1
 1   1   1   1   1
ROCK1(,  1,  6) = 
 1   1   1   1   1   1   1   1   1   1   1   1   1   1   1
 1   1   1   1   1
ROCK1(,  2,  6) = 
 1   1   1   1   1   1   1   1   1   1   1   1   1   1   1
 1   1   1   1   1
ROCK1(,  3,  6) = 
 1   1   1   1   1   1   1   1   1   1   1   1   1   1   1
 1   1   1   1   1
ROCK1(,  4,  6) = 
 1   1   1   1   1   1   1   1   1   1   1   1   1   1   1
 1   1   1   1   1
ROCK1(,  5,  6) = 
 1   1   1   1   1   1   1   1   1   1   1   1   1   1   1
 1   1   1   1   1
ROCK1(,  6,  6) = 
 1   1   1   1   1   1   1   1   2   2   2   1   1   1   1
 1   1   1   1   1
ROCK1(,  7,  6) = 
 1   1   1   1   1   1   1   1   1   1   1   1   1   1   1
 1   1   1   1   1
ROCK1(,  8,  6) = 
 1   1   1   1   1   1   1   1   1   1   1   1   1   1   1
 1   1   1   1   1
ROCK1(,  9,  6) = 
 1   1   1   1   1   1   1   1   1   1   1   1   1   1   1
 1   1   1   1   1
ROCK1(, 10,  6) = 
 1   1   1   1   1   1   1   1   1   1   1   1   2   1   1
 1   1   1   1   1
ROCK1(, 11,  6) = 
 1   1   1   1   1   1   1   1   1   1   1   2   2   1   1
 1   1   1   1   1
ROCK1(, 12,  6) = 
 1   1   1   1   1   1   1   2   1   1   2   2   2   1   1
 1   1   1   1   1
ROCK1(, 13,  6) = 
 1   1   1   1   1   1   2   2   2   2   2   2   1   1   1
 1   1   1   1   1
ROCK1(, 14,  6) = 
 1   1   1   1   1   1   2   2   2   2   2   1   1   1   1
 1   1   1   1   1
ROCK1(, 15,  6) = 
 1   1   1   1   1   1   1   2   2   2   2   1   1   1   1
 1   1   1   1   1
ROCK1(, 16,  6) = 
 1   1   1   1   1   1   1   1   2   2   2   1   1   1   1
 1   1   1   1   1
ROCK1(, 17,  6) = 
 1   1   1   1   1   1   1   1   2   1   1   2   1   1   1
 1   1   1   1   1
ROCK1(, 18,  6) = 
 1   1   1   1   1   1   1   1   2   1   1   2   1   1   1
 1   1   1   1   1
ROCK1(, 19,  6) = 
 1   1   1   1   1   1   1   1   1   1   1   1   2   1   1
 1   1   1   1   1
ROCK1(, 20,  6) = 
 1   1   1   1   1   1   1   2   1   1   1   1   2   1   1
 1   1   1   1   1
ROCK1(, 21,  6) = 
 1   1   1   1   1   1   1   2   2   1   1   1   1   1   1
 1   1   1   1   1
ROCK1(, 22,  6) = 
 1   1   1   1   1   1   2   2   2   1   1   1   1   1   1
 1   1   1   1   1
ROCK1(, 23,  6) = 
 1   1   1   1   1   1   1   2   2   1   1   1   1   1   1
 1   1   1   1   1
ROCK1(, 24,  6) = 
 1   1   1   1   1   1   1   2   2   1   1   1   1   1   1
 1   1   1   1   1
ROCK1(, 25,  6) = 
 1   1   1   1   1   1   1   1   1   1   1   1   1   1   1
 1   1   1   1   1
ROCK1(,  1,  7) = 
 1   1   1   1   1   1   1   1   1   1   1   1   1   1   1
 1   1   1   1   1
ROCK1(,  2,  7) = 
 1   1   1   1   1   1   1   1   1   1   1   1   1   1   1
 1   1   1   1   1
ROCK1(,  3,  7) = 
 1   1   1   1   1   1   1   1   1   1   1   1   1   1   1
 1   1   1   1   1
ROCK1(,  4,  7) = 
 1   1   1   1   1   1   1   1   1   1   1   1   1   1   1
 1   1   1   1   1
ROCK1(,  5,  7) = 
 1   1   1   1   1   1   1   1   1   1   1   1   1   1   1
 1   1   1   1   1
ROCK1(,  6,  7) = 
 1   1   1   1   1   1   1   1   2   2   2   2   1   1   1
 1   1   1   1   1
ROCK1(,  7,  7) = 
 1   1   1   1   1   1   1   1   2   1   1   2   2   1   1
 1   1   1   1   1
ROCK1(,  8,  7) = 
 1   1   1   1   1   1   1   1   1   1   1   1   1   2   1
 1   1   1   1   1
ROCK1(,  9,  7) = 
 1   1   1   1   1   1   1   1   1   1   1   1   1   2   1
 1   1   1   1   1
ROCK1(, 10,  7) = 
 1   1   1   1   1   1   1   1   1   1   1   1   2   2   1
 1   1   1   1   1
ROCK1(, 11,  7) = 
 1   1   1   1   1   1   1   1   1   1   1   1   2   2   1
 1   1   1   1   1
ROCK1(, 12,  7) = 
 1   1   1   1   1   1   1   1   1   1   1   2   2   1   1
 1   1   1   1   1
ROCK1(, 13,  7) = 
 1   1   1   1   1   1   1   1   1   1   1   2   1   1   1
 1   1   1   1   1
ROCK1(, 14,  7) = 
 1   1   1   1   1   1   1   2   1   1   1   1   1   1   1
 1   1   1   1   1
ROCK1(, 15,  7) = 
 1   1   1   1   1   1   1   2   2   2   1   1   1   1   1
 1   1   1   1   1
ROCK1(, 16,  7) = 
 1   1   1   1   1   1   1   1   1   2   1   1   1   1   1
 1   1   1   1   1
ROCK1(, 17,  7) = 
 1   1   1   1   1   1   1   1   1   1   1   1   2   1   1
 1   1   1   1   1
ROCK1(, 18,  7) = 
 1   1   1   1   1   1   1   1   1   1   1   1   2   1   1
 1   1   1   1   1
ROCK1(, 19,  7) = 
 1   1   1   1   1   1   1   1   1   1   1   1   2   2   1
 1   1   1   1   1
ROCK1(, 20,  7) = 
 1   1   1   1   1   1   2   2   1   1   1   1   1   1   1
 1   1   1   1   1
ROCK1(, 21,  7) = 
 1   1   1   1   1   1   2   2   2   2   1   1   1   1   1
 1   1   1   1   1
ROCK1(, 22,  7) = 
 1   1   1   1   1   1   1   1   1   2   1   1   1   1   1
 1   1   1   1   1
ROCK1(, 23,  7) = 
 1   1   1   1   1   1   1   1   1   2   1   1   1   1   1
 1   1   1   1   1
ROCK1(, 24,  7) = 
 1   1   1   1   1   1   1   2   1   1   2   1   1   1   1
 1   1   1   1   1
ROCK1(, 25,  7) = 
 1   1   1   1   1   1   1   1   1   1   2   1   1   1   1
 1   1   1   1   1
ROCK1(,  1,  8) = 
 1   1   1   1   1   1   1   1   1   1   1   1   1   1   1
 1   1   1   1   1
ROCK1(,  2,  8) = 
 1   1   1   1   1   1   1   1   1   1   1   1   1   1   1
 1   1   1   1   1
ROCK1(,  3,  8) = 
 1   1   1   1   1   1   1   1   1   1   1   1   1   1   1
 1   1   1   1   1
ROCK1(,  4,  8) = 
 1   1   1   1   1   1   1   1   1   1   1   1   1   1   1
 1   1   1   1   1
ROCK1(,  5,  8) = 
 1   1   1   1   1   1   1   1   1   1   1   1   1   1   1
 1   1   1   1   1
ROCK1(,  6,  8) = 
 1   1   1   1   1   1   1   1   1   2   1   1   2   1   1
 1   1   1   1   1
ROCK1(,  7,  8) = 
 1   1   1   1   1   1   1   1   1   2   1   1   2   1   1
 1   1   1   1   1
ROCK1(,  8,  8) = 
 1   1   1   1   1   1   1   1   1   1   1   2   2   2   1
 1   1   1   1   1
ROCK1(,  9,  8) = 
 1   1   1   1   1   1   1   1   1   1   1   2   1   1   1
 1   1   1   1   1
ROCK1(, 10,  8) = 
 1   1   1   1   1   1   1   1   1   1   1   1   1   1   1
 1   1   1   1   1
ROCK1(, 11,  8) = 
 1   1   1   1   1   1   1   1   1   1   1   1   2   2   1
 1   1   1   1   1
ROCK1(, 12,  8) = 
 1   1   1   1   1   1   1   1   1   1   1   2   2   1   1
 1   1   1   1   1
ROCK1(, 13,  8) = 
 1   1   1   1   1   1   1   1   1   1   1   2   2   1   1
 1   1   1   1   1
ROCK1(, 14,  8) = 
 1   1   1   1   1   1   1   1   1   1   1   1   2   1   1
 1   1   1   1   1
ROCK1(, 15,  8) = 
 1   1   1   1   1   1   1   1   1   2   1   1   2   1   1
 1   1   1   1   1
ROCK1(, 16,  8) = 
 1   1   1   1   1   1   1   1   1   1   1   1   2   1   1
 1   1   1   1   1
ROCK1(, 17,  8) = 
 1   1   1   1   1   1   1   1   1   1   1   1   2   2   1
 1   1   1   1   1
ROCK1(, 18,  8) = 
 1   1   1   1   1   1   1   1   1   1   1   1   1   1   1
 1   1   1   1   1
ROCK1(, 19,  8) = 
 1   1   1   1   1   1   1   1   1   1   2   1   1   1   2
 1   1   1   1   1
ROCK1(, 20,  8) = 
 1   1   1   1   1   1   1   1   1   1   1   2   1   1   1
 2   1   1   1   1
ROCK1(, 21,  8) = 
 1   1   1   1   1   1   1   2   2   2   2   1   1   1   1
 2   1   1   1   1
ROCK1(, 22,  8) = 
 1   1   1   1   1   1   1   1   1   2   2   1   1   1   1
 1   1   1   1   1
ROCK1(, 23,  8) = 
 1   1   1   1   1   1   1   1   1   2   2   1   1   1   1
 1   1   1   1   1
ROCK1(, 24,  8) = 
 1   1   1   1   1   1   1   1   1   1   1   2   1   1   1
 1   1   1   1   1
ROCK1(, 25,  8) = 
 1   1   1   1   1   1   1   1   1   1   1   2   1   1   1
 1   1   1   1   1
ROCK1(,  1,  9) = 
 1   1   1   1   1   1   1   1   1   1   1   1   1   1   1
 1   1   1   1   1
ROCK1(,  2,  9) = 
 1   1   1   1   1   1   1   1   1   1   1   1   1   1   1
 1   1   1   1   1
ROCK1(,  3,  9) = 
 1   1   1   1   1   1   1   1   1   1   1   1   1   1   1
 1   1   1   1   1
ROCK1(,  4,  9) = 
 1   1   1   1   1   1   1   1   1   1   1   1   1   1   1
 1   1   1   1   1
ROCK1(,  5,  9) = 
 1   1   1   1   1   1   1   1   1   1   1   1   1   1   1
 1   1   1   1   1
ROCK1(,  6,  9) = 
 1   1   1   1   1   1   1   1   1   1   1   1   1   2   1
 1   1   1   1   1
ROCK1(,  7,  9) = 
 1   1   1   1   1   1   1   1   1   1   1   1   1   2   2
 1   1   1   1   1
ROCK1(,  8,  9) = 
 1   1   1   1   1   1   1   1   1   1   1   2   1   1   2
 1   1   1   1   1
ROCK1(,  9,  9) = 
 1   1   1   1   1   1   1   1   1   1   1   2   1   1   1
 1   1   1   1   1
ROCK1(, 10,  9) = 
 1   1   1   1   1   1   1   1   1   1   1   2   1   1   1
 1   1   1   1   1
ROCK1(, 11,  9) = 
 1   1   1   1   1   1   1   1   1   1   1   1   1   1   1
 1   1   1   1   1
ROCK1(, 12,  9) = 
 1   1   1   1   1   1   1   1   1   1   1   1   1   1   1
 1   1   1   1   1
ROCK1(, 13,  9) = 
 1   1   1   1   1   1   1   1   1   1   1   1   2   2   1
 1   1   1   1   1
ROCK1(, 14,  9) = 
 1   1   1   1   1   1   1   1   1   1   1   2   2   2   1
 1   1   1   1   1
ROCK1(, 15,  9) = 
 1   1   1   1   1   1   1   1   1   1   2   2   2   2   1
 1   1   1   1   1
ROCK1(, 16,  9) = 
 1   1   1   1   1   1   1   1   1   1   2   1   1   2   1
 1   1   1   1   1
ROCK1(, 17,  9) = 
 1   1   1   1   1   1   1   1   1   1   1   1   1   2   2
 1   1   1   1   1
ROCK1(, 18,  9) = 
 1   1   1   1   1   1   1   1   1   1   1   1   1   1   1
 1   1   1   1   1
ROCK1(, 19,  9) = 
 1   1   1   1   1   1   1   1   1   1   1   1   1   1   1
 1   1   1   1   1
ROCK1(, 20,  9) = 
 1   1   1   1   1   1   1   1   1   1   1   1   1   1   1
 2   2   1   1   1
ROCK1(, 21,  9) = 
 1   1   1   1   1   1   1   1   2   2   2   1   1   1   1
 2   2   1   1   1
ROCK1(, 22,  9) = 
 1   1   1   1   1   1   1   1   2   2   2   2   1   1   1
 1   1   1   1   1
ROCK1(, 23,  9) = 
 1   1   1   1   1   1   1   1   1   1   1   2   1   1   1
 1   1   1   1   1
ROCK1(, 24,  9) = 
 1   1   1   1   1   1   1   1   1   1   1   2   2   1   1
 1   1   1   1   1
ROCK1(, 25,  9) = 
 1   1   1   1   1   1   1   1   1   1   1   2   2   1   1
 1   1   1   1   1
ROCK1(,  1, 10) = 
 1   1   1   1   1   1   1   1   1   1   1   1   1   1   1
 1   1   1   1   1
ROCK1(,  2, 10) = 
 1   1   1   1   1   1   1   1   1   1   1   1   1   1   1
 1   1   1   1   1
ROCK1(,  3, 10) = 
 1   1   1   1   1   1   1   1   1   1   1   1   1   1   1
 1   1   1   1   1
ROCK1(,  4, 10) = 
 1   1   1   1   1   1   1   1   1   1   1   1   1   1   1
 1   1   1   1   1
ROCK1(,  5, 10) = 
 1   1   1   1   1   1   1   1   1   1   1   1   1   1   1
 1   1   1   1   1
ROCK1(,  6, 10) = 
 1   1   1   1   1   1   1   1   1   1   1   1   1   2   2
 1   1   1   1   1
ROCK1(,  7, 10) = 
 1   1   1   1   1   1   1   1   1   1   1   1   1   2   2
 1   1   1   1   1
ROCK1(,  8, 10) = 
 1   1   1   1   1   1   1   1   1   1   1   2   1   1   2
 1   1   1   1   1
ROCK1(,  9, 10) = 
 1   1   1   1   1   1   1   1   1   1   1   2   1   1   2
 1   1   1   1   1
ROCK1(, 10, 10) = 
 1   1   1   1   1   1   1   1   1   1   1   2   2   2   2
 1   1   1   1   1
ROCK1(, 11, 10) = 
 1   1   1   1   1   1   1   1   1   1   1   1   1   1   2
 1   1   1   1   1
ROCK1(, 12, 10) = 
 1   1   1   1   1   1   1   1   1   1   1   1   1   1   1
 1   1   1   1   1
ROCK1(, 13, 10) = 
 1   1   1   1   1   1   1   1   1   1   1   1   2   2   1
 1   1   1   1   1
ROCK1(, 14, 10) = 
 1   1   1   1   1   1   1   1   1   1   1   1   2   2   2
 1   1   1   1   1
ROCK1(, 15, 10) = 
 1   1   1   1   1   1   1   1   1   1   1   1   2   1   1
 1   1   1   1   1
ROCK1(, 16, 10) = 
 1   1   1   1   1   1   1   1   1   1   1   1   1   1   1
 1   1   1   1   1
ROCK1(, 17, 10) = 
 1   1   1   1   1   1   1   1   1   1   1   1   1   2   2
 2   1   1   1   1
ROCK1(, 18, 10) = 
 1   1   1   1   1   1   1   1   1   1   1   1   1   1   1
 2   1   1   1   1
ROCK1(, 19, 10) = 
 1   1   1   1   1   1   1   1   1   1   1   1   1   1   1
 2   2   1   1   1
ROCK1(, 20, 10) = 
 1   1   1   1   1   1   1   1   1   1   1   1   1   1   2
 2   2   2   1   1
ROCK1(, 21, 10) = 
 1   1   1   1   1   1   1   1   1   1   1   1   1   1   2
 2   2   2   1   1
ROCK1(, 22, 10) = 
 1   1   1   1   1   1   1   1   1   2   2   2   2   1   1
 1   1   1   1   1
ROCK1(, 23, 10) = 
 1   1   1   1   1   1   1   1   1   1   1   2   1   1   1
 1   1   1   1   1
ROCK1(, 24, 10) = 
 1   1   1   1   1   1   1   1   1   1   1   2   1   1   1
 1   1   1   1   1
ROCK1(, 25, 10) = 
 1   1   1   1   1   1   1   1   1   1   2   2   2   2   1
 1   1   1   1   1
ROCK1(,  1, 11) = 
 1   1   1   1   1   1   1   1   1   1   1   1   1   1   1
 1   1   1   1   1
ROCK1(,  2, 11) = 
 1   1   1   1   1   1   1   1   1   1   1   1   1   1   1
 1   1   1   1   1
ROCK1(,  3, 11) = 
 1   1   1   1   1   1   1   1   1   1   1   1   1   1   1
 1   1   1   1   1
ROCK1(,  4, 11) = 
 1   1   1   1   1   1   1   1   1   1   1   1   1   1   1
 1   1   1   1   1
ROCK1(,  5, 11) = 
 1   1   1   1   1   1   1   1   1   1   1   1   1   2   2
 1   1   1   1   1
ROCK1(,  6, 11) = 
 1   1   1   1   1   1   1   1   1   1   1   1   1   2   2
 1   1   1   1   1
ROCK1(,  7, 11) = 
 1   1   1   1   1   1   1   1   1   1   1   1   1   2   2
 2   1   1   1   1
ROCK1(,  8, 11) = 
 1   1   1   1   1   1   1   1   1   1   1   1   2   2   2
 2   1   1   1   1
ROCK1(,  9, 11) = 
 1   1   1   1   1   1   1   1   1   1   1   1   2   2   2
 2   1   1   1   1
ROCK1(, 10, 11) = 
 1   1   1   1   1   1   1   1   1   1   1   1   1   1   2
 1   1   1   1   1
ROCK1(, 11, 11) = 
 1   1   1   1   1   1   1   1   1   1   1   2   1   1   2
 1   1   1   1   1
ROCK1(, 12, 11) = 
 1   1   1   1   1   1   1   1   1   1   1   2   2   2   2
 1   1   1   1   1
ROCK1(, 13, 11) = 
 1   1   1   1   1   1   1   1   1   1   1   2   2   2   2
 1   1   1   1   1
ROCK1(, 14, 11) = 
 1   1   1   1   1   1   1   1   1   1   1   1   1   2   1
 1   1   1   1   1
ROCK1(, 15, 11) = 
 1   1   1   1   1   1   1   1   1   1   1   1   1   1   1
 1   1   1   1   1
ROCK1(, 16, 11) = 
 1   1   1   1   1   1   1   1   1   1   1   1   1   1   1
 1   1   1   1   1
ROCK1(, 17, 11) = 
 1   1   1   1   1   1   1   1   1   1   1   1   1   1   1
 2   1   1   1   1
ROCK1(, 18, 11) = 
 1   1   1   1   1   1   1   1   1   1   1   1   1   1   1
 2   2   1   1   1
ROCK1(, 19, 11) = 
 1   1   1   1   1   1   1   1   1   1   1   1   1   1   2
 2   2   2   1   1
ROCK1(, 20, 11) = 
 1   1   1   1   1   1   1   1   1   1   1   1   1   1   2
 2   2   2   1   1
ROCK1(, 21, 11) = 
 1   1   1   1   1   1   1   1   1   1   1   1   1   1   1
 2   2   2   1   1
ROCK1(, 22, 11) = 
 1   1   1   1   1   1   1   1   1   1   2   2   2   2   1
 1   1   1   1   1
ROCK1(, 23, 11) = 
 1   1   1   1   1   1   1   1   1   1   2   2   1   1   1
 1   1   1   1   1
ROCK1(, 24, 11) = 
 1   1   1   1   1   1   1   1   1   1   1   2   1   1   2
 1   1   1   1   1
ROCK1(, 25, 11) = 
 1   1   1   1   1   1   1   1   1   1   1   2   2   2   2
 1   1   1   1   1
ROCK1(,  1, 12) = 
 1   1   1   1   1   1   1   1   1   1   1   1   1   1   1
 1   1   1   1   1
ROCK1(,  2, 12) = 
 1   1   1   1   1   1   1   1   1   1   1   1   1   1   1
 1   1   1   1   1
ROCK1(,  3, 12) = 
 1   1   1   1   1   1   1   1   1   1   1   1   1   1   1
 1   1   1   1   1
ROCK1(,  4, 12) = 
 1   1   1   1   1   1   1   1   1   1   1   1   1   1   1
 1   1   1   1   1
ROCK1(,  5, 12) = 
 1   1   1   1   1   1   1   1   1   1   1   1   2   2   2
 2   1   1   1   1
ROCK1(,  6, 12) = 
 1   1   1   1   1   1   1   1   1   1   1   1   2   2   2
 2   1   1   1   1
ROCK1(,  7, 12) = 
 1   1   1   1   1   1   1   1   1   1   1   1   1   1   1
 2   1   1   1   1
ROCK1(,  8, 12) = 
 1   1   1   1   1   1   1   1   1   1   1   2   2   1   1
 2   1   1   1   1
ROCK1(,  9, 12) = 
 1   1   1   1   1   1   1   1   1   1   1   2   2   2   2
 2   1   1   1   1
ROCK1(, 10, 12) = 
 1   1   1   1   1   1   1   1   1   1   1   1   1   1   2
 1   1   1   1   1
ROCK1(, 11, 12) = 
 1   1   1   1   1   1   1   1   1   1   1   1   1   1   2
 1   1   1   1   1
ROCK1(, 12, 12) = 
 1   1   1   1   1   1   1   1   1   1   1   1   2   1   1
 1   1   1   1   1
ROCK1(, 13, 12) = 
 1   1   1   1   1   1   1   1   1   1   1   1   1   1   1
 2   1   1   1   1
ROCK1(, 14, 12) = 
 1   1   1   1   1   1   1   1   1   1   1   1   1   1   1
 1   1   1   1   1
ROCK1(, 15, 12) = 
 1   1   1   1   1   1   1   1   1   1   1   1   1   1   1
 1   2   1   1   1
ROCK1(, 16, 12) = 
 1   1   1   1   1   1   1   1   1   1   1   1   1   1   1
 1   2   1   1   1
ROCK1(, 17, 12) = 
 1   1   1   1   1   1   1   1   1   1   1   1   1   1   1
 1   1   1   1   1
ROCK1(, 18, 12) = 
 1   1   1   1   1   1   1   1   1   1   1   1   1   1   1
 1   1   2   1   1
ROCK1(, 19, 12) = 
 1   1   1   1   1   1   1   1   1   1   1   1   1   1   1
 1   1   1   1   1
ROCK1(, 20, 12) = 
 1   1   1   1   1   1   1   1   1   1   1   1   1   1   2
 1   1   1   1   1
ROCK1(, 21, 12) = 
 1   1   1   1   1   1   1   1   1   1   1   1   1   1   1
 2   2   2   1   1
ROCK1(, 22, 12) = 
 1   1   1   1   1   1   1   1   1   1   1   1   1   2   2
 1   1   1   1   1
ROCK1(, 23, 12) = 
 1   1   1   1   1   1   1   1   1   1   1   2   2   2   2
 1   1   1   1   1
ROCK1(, 24, 12) = 
 1   1   1   1   1   1   1   1   1   1   1   1   2   1   1
 1   1   1   1   1
ROCK1(, 25, 12) = 
 1   1   1   1   1   1   1   1   1   1   1   1   1   1   1
 1   1   1   1   1
ROCK1(,  1, 13) = 
 1   1   1   1   1   1   1   1   1   1   1   1   1   1   1
 1   1   1   1   1
ROCK1(,  2, 13) = 
 1   1   1   1   1   1   1   1   1   1   1   1   1   1   1
 1   1   1   1   1
ROCK1(,  3, 13) = 
 1   1   1   1   1   1   1   1   1   1   1   1   1   1   1
 1   1   1   1   1
ROCK1(,  4, 13) = 
 1   1   1   1   1   1   1   1   1   1   1   1   1   1   2
 2   1   1   1   1
ROCK1(,  5, 13) = 
 1   1   1   1   1   1   1   1   1   1   1   1   2   2   2
 2   1   1   1   1
ROCK1(,  6, 13) = 
 1   1   1   1   1   1   1   1   1   1   1   1   2   2   2
 1   1   1   1   1
ROCK1(,  7, 13) = 
 1   1   1   1   1   1   1   1   1   1   1   1   1   1   1
 1   1   1   1   1
ROCK1(,  8, 13) = 
 1   1   1   1   1   1   1   1   1   1   1   2   2   1   1
 2   2   1   1   1
ROCK1(,  9, 13) = 
 1   1   1   1   1   1   1   1   1   1   1   2   2   2   2
 1   1   1   1   1
ROCK1(, 10, 13) = 
 1   1   1   1   1   1   1   1   1   1   1   1   2   2   2
 1   1   1   1   1
ROCK1(, 11, 13) = 
 1   1   1   1   1   1   1   1   1   1   1   1   2   1   1
 1   1   1   1   1
ROCK1(, 12, 13) = 
 1   1   1   1   1   1   1   1   1   1   1   1   1   1   1
 2   1   1   1   1
ROCK1(, 13, 13) = 
 1   1   1   1   1   1   1   1   1   1   1   1   1   1   1
 2   1   1   1   1
ROCK1(, 14, 13) = 
 1   1   1   1   1   1   1   1   1   1   1   1   1   1   1
 1   1   1   1   1
ROCK1(, 15, 13) = 
 1   1   1   1   1   1   1   1   1   1   1   1   1   1   1
 1   1   1   1   1
ROCK1(, 16, 13) = 
 1   1   1   1   1   1   1   1   1   1   1   1   1   1   1
 2   2   2   1   1
ROCK1(, 17, 13) = 
 1   1   1   1   1   1   1   1   1   1   1   1   1   1   1
 1   1   2   1   1
ROCK1(, 18, 13) = 
 1   1   1   1   1   1   1   1   1   1   1   1   1   1   1
 1   1   2   1   1
ROCK1(, 19, 13) = 
 1   1   1   1   1   1   1   1   1   1   1   1   1   1   1
 1   1   1   2   1
ROCK1(, 20, 13) = 
 1   1   1   1   1   1   1   1   1   1   1   1   1   1   2
 1   1   1   2   1
ROCK1(, 21, 13) = 
 1   1   1   1   1   1   1   1   1   1   1   1   1   1   2
 1   1   1   1   1
ROCK1(, 22, 13) = 
 1   1   1   1   1   1   1   1   1   1   1   1   1   2   2
 1   1   1   1   1
ROCK1(, 23, 13) = 
 1   1   1   1   1   1   1   1   1   1   1   2   2   2   2
 1   1   1   1   1
ROCK1(, 24, 13) = 
 1   1   1   1   1   1   1   1   1   1   1   2   2   1   1
 1   1   1   1   1
ROCK1(, 25, 13) = 
 1   1   1   1   1   1   1   1   1   1   1   1   1   1   1
 1   1   1   1   1
ROCK1(,  1, 14) = 
 1   1   1   1   1   1   1   1   1   1   1   1   1   1   1
 1   1   1   1   1
ROCK1(,  2, 14) = 
 1   1   1   1   1   1   1   1   1   1   1   1   1   1   1
 1   1   1   1   1
ROCK1(,  3, 14) = 
 1   1   1   1   1   1   1   1   1   1   1   1   1   1   1
 1   1   1   1   1
ROCK1(,  4, 14) = 
 1   1   1   1   1   1   1   1   1   1   1   1   1   1   2
 2   2   1   1   1
ROCK1(,  5, 14) = 
 1   1   1   1   1   1   1   1   1   1   1   1   1   1   2
 2   2   1   1   1
ROCK1(,  6, 14) = 
 1   1   1   1   1   1   1   1   1   1   1   1   1   1   1
 1   1   1   1   1
ROCK1(,  7, 14) = 
 1   1   1   1   1   1   1   1   1   1   1   1   1   1   1
 1   1   2   1   1
ROCK1(,  8, 14) = 
 1   1   1   1   1   1   1   1   1   1   1   1   1   2   1
 1   2   2   1   1
ROCK1(,  9, 14) = 
 1   1   1   1   1   1   1   1   1   1   1   1   2   2   2
 1   1   1   1   1
ROCK1(, 10, 14) = 
 1   1   1   1   1   1   1   1   1   1   1   1   2   2   2
 2   1   1   1   1
ROCK1(, 11, 14) = 
 1   1   1   1   1   1   1   1   1   1   1   1   1   1   1
 2   1   1   1   1
ROCK1(, 12, 14) = 
 1   1   1   1   1   1   1   1   1   1   1   1   1   1   1
 2   1   1   1   1
ROCK1(, 13, 14) = 
 1   1   1   1   1   1   1   1   1   1   1   1   1   1   2
 1   1   1   1   1
ROCK1(, 14, 14) = 
 1   1   1   1   1   1   1   1   1   1   1   1   1   1   1
 1   1   1   1   1
ROCK1(, 15, 14) = 
 1   1   1   1   1   1   1   1   1   1   1   1   1   1   1
 1   1   2   1   1
ROCK1(, 16, 14) = 
 1   1   1   1   1   1   1   1   1   1   1   1   1   1   1
 2   1   1   1   1
ROCK1(, 17, 14) = 
 1   1   1   1   1   1   1   1   1   1   1   1   1   1   1
 2   1   1   1   1
ROCK1(, 18, 14) = 
 1   1   1   1   1   1   1   1   1   1   1   1   1   1   1
 2   2   2   2   1
ROCK1(, 19, 14) = 
 1   1   1   1   1   1   1   1   1   1   1   1   1   1   1
 2   2   2   2   1
ROCK1(, 20, 14) = 
 1   1   1   1   1   1   1   1   1   1   1   2   2   2   2
 1   1   2   2   1
ROCK1(, 21, 14) = 
 1   1   1   1   1   1   1   1   1   1   1   2   2   2   2
 1   1   1   1   1
ROCK1(, 22, 14) = 
 1   1   1   1   1   1   1   1   1   1   1   1   1   1   2
 1   1   1   1   1
ROCK1(, 23, 14) = 
 1   1   1   1   1   1   1   1   1   1   1   1   1   1   2
 1   1   1   1   1
ROCK1(, 24, 14) = 
 1   1   1   1   1   1   1   1   1   1   1   2   2   2   2
 2   1   1   1   1
ROCK1(, 25, 14) = 
 1   1   1   1   1   1   1   1   1   1   1   1   1   2   2
 2   1   1   1   1
ROCK1(,  1, 15) = 
 1   1   1   1   1   1   1   1   1   1   1   1   1   1   1
 1   1   1   1   1
ROCK1(,  2, 15) = 
 1   1   1   1   1   1   1   1   1   1   1   1   1   1   1
 1   1   1   1   1
ROCK1(,  3, 15) = 
 1   1   1   1   1   1   1   1   1   1   1   1   1   1   2
 2   1   1   1   1
ROCK1(,  4, 15) = 
 1   1   1   1   1   1   1   1   1   1   1   1   1   1   1
 1   2   1   1   1
ROCK1(,  5, 15) = 
 1   1   1   1   1   1   1   1   1   1   1   1   1   1   1
 1   1   2   1   1
ROCK1(,  6, 15) = 
 1   1   1   1   1   1   1   1   1   1   1   1   1   1   2
 1   1   2   1   1
ROCK1(,  7, 15) = 
 1   1   1   1   1   1   1   1   1   1   1   1   1   1   1
 1   1   2   1   1
ROCK1(,  8, 15) = 
 1   1   1   1   1   1   1   1   1   1   1   1   1   1   1
 1   2   2   1   1
ROCK1(,  9, 15) = 
 1   1   1   1   1   1   1   1   1   1   1   1   1   1   2
 2   1   1   1   1
ROCK1(, 10, 15) = 
 1   1   1   1   1   1   1   1   1   1   1   1   1   2   2
 2   1   1   1   1
ROCK1(, 11, 15) = 
 1   1   1   1   1   1   1   1   1   1   1   1   1   2   2
 2   2   1   1   1
ROCK1(, 12, 15) = 
 1   1   1   1   1   1   1   1   1   1   1   1   1   2   2
 2   2   1   1   1
ROCK1(, 13, 15) = 
 1   1   1   1   1   1   1   1   1   1   1   1   1   1   2
 1   1   1   1   1
ROCK1(, 14, 15) = 
 1   1   1   1   1   1   1   1   1   1   1   1   1   1   1
 1   1   2   1   1
ROCK1(, 15, 15) = 
 1   1   1   1   1   1   1   1   1   1   1   1   1   1   1
 1   1   2   1   1
ROCK1(, 16, 15) = 
 1   1   1   1   1   1   1   1   1   1   1   1   1   1   1
 1   1   1   1   1
ROCK1(, 17, 15) = 
 1   1   1   1   1   1   1   1   1   1   1   1   1   1   1
 1   1   1   1   1
ROCK1(, 18, 15) = 
 1   1   1   1   1   1   1   1   1   1   1   1   1   1   1
 2   2   2   2   1
ROCK1(, 19, 15) = 
 1   1   1   1   1   1   1   1   1   1   1   1   1   1   1
 1   1   2   2   1
ROCK1(, 20, 15) = 
 1   1   1   1   1   1   1   1   1   1   1   2   2   2   2
 1   1   2   2   1
ROCK1(, 21, 15) = 
 1   1   1   1   1   1   1   1   1   1   1   2   2   2   2
 1   1   1   1   1
ROCK1(, 22, 15) = 
 1   1   1   1   1   1   1   1   1   1   1   1   1   1   2
 1   1   1   1   1
ROCK1(, 23, 15) = 
 1   1   1   1   1   1   1   1   1   1   1   1   1   1   2
 2   1   1   1   1
ROCK1(, 24, 15) = 
 1   1   1   1   1   1   1   1   1   1   1   1   2   1   1
 2   1   1   1   1
ROCK1(, 25, 15) = 
 1   1   1   1   1   1   1   1   1   1   1   1   1   1   1
 2   1   1   1   1
ROCK1(,  1, 16) = 
 1   1   1   1   1   1   1   1   1   1   1   1   1   1   1
 1   1   1   1   1
ROCK1(,  2, 16) = 
 1   1   1   1   1   1   1   1   1   1   1   1   1   1   1
 1   1   1   1   1
ROCK1(,  3, 16) = 
 1   1   1   1   1   1   1   1   1   1   1   1   1   1   2
 2   2   2   1   1
ROCK1(,  4, 16) = 
 1   1   1   1   1   1   1   1   1   1   1   1   1   1   1
 1   1   1   1   1
ROCK1(,  5, 16) = 
 1   1   1   1   1   1   1   1   1   1   1   1   1   1   1
 1   1   1   1   1
ROCK1(,  6, 16) = 
 1   1   1   1   1   1   1   1   1   1   1   1   1   1   2
 1   1   1   1   1
ROCK1(,  7, 16) = 
 1   1   1   1   1   1   1   1   1   1   1   1   1   1   2
 1   1   1   1   1
ROCK1(,  8, 16) = 
 1   1   1   1   1   1   1   1   1   1   1   1   1   1   2
 1   1   1   1   1
ROCK1(,  9, 16) = 
 1   1   1   1   1   1   1   1   1   1   1   1   1   1   1
 2   1   1   1   1
ROCK1(, 10, 16) = 
 1   1   1   1   1   1   1   1   1   1   1   1   1   1   1
 1   2   1   1   1
ROCK1(, 11, 16) = 
 1   1   1   1   1   1   1   1   1   1   1   1   1   2   1
 1   2   1   1   1
ROCK1(, 12, 16) = 
 1   1   1   1   1   1   1   1   1   1   1   1   1   1   1
 1   2   1   1   1
ROCK1(, 13, 16) = 
 1   1   1   1   1   1   1   1   1   1   1   1   1   1   2
 2   1   1   1   1
ROCK1(, 14, 16) = 
 1   1   1   1   1   1   1   1   1   1   1   1   1   1   2
 1   1   1   1   1
ROCK1(, 15, 16) = 
 1   1   1   1   1   1   1   1   1   1   1   1   1   1   1
 1   1   2   1   1
ROCK1(, 16, 16) = 
 1   1   1   1   1   1   1   1   1   1   1   1   1   1   1
 1   1   2   1   1
ROCK1(, 17, 16) = 
 1   1   1   1   1   1   1   1   1   1   1   1   1   1   1
 1   1   2   1   1
ROCK1(, 18, 16) = 
 1   1   1   1   1   1   1   1   1   1   1   1   1   1   1
 1   2   2   2   1
ROCK1(, 19, 16) = 
 1   1   1   1   1   1   1   1   1   1   1   1   1   1   1
 1   1   2   2   1
ROCK1(, 20, 16) = 
 1   1   1   1   1   1   1   1   1   1   1   1   1   2   2
 1   1   2   2   1
ROCK1(, 21, 16) = 
 1   1   1   1   1   1   1   1   1   1   1   1   1   2   2
 1   1   1   1   1
ROCK1(, 22, 16) = 
 1   1   1   1   1   1   1   1   1   1   1   1   2   2   2
 2   1   1   1   1
ROCK1(, 23, 16) = 
 1   1   1   1   1   1   1   1   1   1   1   1   2   1   1
 2   1   1   1   1
ROCK1(, 24, 16) = 
 1   1   1   1   1   1   1   1   1   1   1   1   2   1   1
 2   1   1   1   1
ROCK1(, 25, 16) = 
 1   1   1   1   1   1   1   1   1   1   1   1   1   1   1
 2   1   1   1   1
ROCK1(,  1, 17) = 
 1   1   1   1   1   1   1   1   1   1   1   1   1   1   1
 1   1   1   1   1
ROCK1(,  2, 17) = 
 1   1   1   1   1   1   1   1   1   1   1   1   1   1   1
 1   1   1   1   1
ROCK1(,  3, 17) = 
 1   1   1   1   1   1   1   1   1   1   1   1   1   1   1
 1   1   2   1   1
ROCK1(,  4, 17) = 
 1   1   1   1   1   1   1   1   1   1   1   1   1   1   1
 1   1   1   2   1
ROCK1(,  5, 17) = 
 1   1   1   1   1   1   1   1   1   1   1   1   1   1   1
 1   1   1   2   1
ROCK1(,  6, 17) = 
 1   1   1   1   1   1   1   1   1   1   1   1   1   1   2
 1   1   1   1   1
ROCK1(,  7, 17) = 
 1   1   1   1   1   1   1   1   1   1   1   1   1   1   2
 1   1   1   1   1
ROCK1(,  8, 17) = 
 1   1   1   1   1   1   1   1   1   1   1   1   1   1   2
 1   1   1   1   1
ROCK1(,  9, 17) = 
 1   1   1   1   1   1   1   1   1   1   1   1   1   1   1
 1   2   1   1   1
ROCK1(, 10, 17) = 
 1   1   1   1   1   1   1   1   1   1   1   1   1   1   1
 1   2   1   1   1
ROCK1(, 11, 17) = 
 1   1   1   1   1   1   1   1   1   1   1   1   1   1   1
 1   2   1   1   1
ROCK1(, 12, 17) = 
 1   1   1   1   1   1   1   1   1   1   1   1   1   1   1
 1   2   2   1   1
ROCK1(, 13, 17) = 
 1   1   1   1   1   1   1   1   1   1   1   1   1   1   1
 1   1   1   1   1
ROCK1(, 14, 17) = 
 1   1   1   1   1   1   1   1   1   1   1   1   1   1   1
 1   1   1   1   1
ROCK1(, 15, 17) = 
 1   1   1   1   1   1   1   1   1   1   1   1   1   1   1
 1   2   2   1   1
ROCK1(, 16, 17) = 
 1   1   1   1   1   1   1   1   1   1   1   1   1   1   1
 1   2   2   1   1
ROCK1(, 17, 17) = 
 1   1   1   1   1   1   1   1   1   1   1   1   1   1   1
 2   2   2   2   1
ROCK1(, 18, 17) = 
 1   1   1   1   1   1   1   1   1   1   1   1   1   1   1
 2   2   2   2   1
ROCK1(, 19, 17) = 
 1   1   1   1   1   1   1   1   1   1   1   1   1   1   1
 2   2   2   2   1
ROCK1(, 20, 17) = 
 1   1   1   1   1   1   1   1   1   1   1   1   2   2   2
 1   1   2   2   1
ROCK1(, 21, 17) = 
 1   1   1   1   1   1   1   1   1   1   1   1   2   1   1
 1   1   1   1   1
ROCK1(, 22, 17) = 
 1   1   1   1   1   1   1   1   1   1   1   1   1   1   1
 2   1   1   1   1
ROCK1(, 23, 17) = 
 1   1   1   1   1   1   1   1   1   1   1   1   1   1   1
 2   1   1   1   1
ROCK1(, 24, 17) = 
 1   1   1   1   1   1   1   1   1   1   1   1   1   1   1
 2   1   1   1   1
ROCK1(, 25, 17) = 
 1   1   1   1   1   1   1   1   1   1   1   1   1   1   1
 2   1   1   1   1
ROCK1(,  1, 18) = 
 1   1   1   1   1   1   1   1   1   1   1   1   1   1   1
 1   1   1   1   1
ROCK1(,  2, 18) = 
 1   1   1   1   1   1   1   1   1   1   1   1   1   1   1
 1   1   1   2   1
ROCK1(,  3, 18) = 
 1   1   1   1   1   1   1   1   1   1   1   1   1   1   1
 1   1   1   2   1
ROCK1(,  4, 18) = 
 1   1   1   1   1   1   1   1   1   1   1   1   1   1   1
 1   1   1   2   1
ROCK1(,  5, 18) = 
 1   1   1   1   1   1   1   1   1   1   1   1   1   1   2
 2   1   1   2   1
ROCK1(,  6, 18) = 
 1   1   1   1   1   1   1   1   1   1   1   1   1   1   1
 1   1   2   2   1
ROCK1(,  7, 18) = 
 1   1   1   1   1   1   1   1   1   1   1   1   1   1   1
 1   2   1   1   1
ROCK1(,  8, 18) = 
 1   1   1   1   1   1   1   1   1   1   1   1   1   1   2
 1   1   1   1   1
ROCK1(,  9, 18) = 
 1   1   1   1   1   1   1   1   1   1   1   1   1   1   1
 1   1   1   1   1
ROCK1(, 10, 18) = 
 1   1   1   1   1   1   1   1   1   1   1   1   1   1   1
 1   2   1   1   1
ROCK1(, 11, 18) = 
 1   1   1   1   1   1   1   1   1   1   1   1   1   1   2
 2   2   2   1   1
ROCK1(, 12, 18) = 
 1   1   1   1   1   1   1   1   1   1   1   1   1   1   1
 1   2   2   1   1
ROCK1(, 13, 18) = 
 1   1   1   1   1   1   1   1   1   1   1   1   1   1   1
 1   1   1   1   1
ROCK1(, 14, 18) = 
 1   1   1   1   1   1   1   1   1   1   1   1   1   1   1
 1   1   1   1   1
ROCK1(, 15, 18) = 
 1   1   1   1   1   1   1   1   1   1   1   1   1   1   1
 1   2   2   1   1
ROCK1(, 16, 18) = 
 1   1   1   1   1   1   1   1   1   1   1   1   1   1   1
 1   1   2   1   1
ROCK1(, 17, 18) = 
 1   1   1   1   1   1   1   1   1   1   1   1   1   1   1
 1   1   2   2   1
ROCK1(, 18, 18) = 
 1   1   1   1   1   1   1   1   1   1   1   1   1   1   1
 1   1   1   1   1
ROCK1(, 19, 18) = 
 1   1   1   1   1   1   1   1   1   1   1   1   1   1   1
 1   1   1   1   1
ROCK1(, 20, 18) = 
 1   1   1   1   1   1   1   1   1   1   1   1   2   1   1
 1   1   2   2   1
ROCK1(, 21, 18) = 
 1   1   1   1   1   1   1   1   1   1   1   1   2   1   1
 1   1   1   1   1
ROCK1(, 22, 18) = 
 1   1   1   1   1   1   1   1   1   1   1   1   2   1   1
 2   1   1   1   1
ROCK1(, 23, 18) = 
 1   1   1   1   1   1   1   1   1   1   1   1   1   1   1
 2   1   1   1   1
ROCK1(, 24, 18) = 
 1   1   1   1   1   1   1   1   1   1   1   1   1   1   2
 2   2   1   1   1
ROCK1(, 25, 18) = 
 1   1   1   1   1   1   1   1   1   1   1   1   1   1   2
 2   2   1   1   1
ROCK1(,  1, 19) = 
 1   1   1   1   1   1   1   1   1   1   1   1   1   1   1
 1   1   2   2   1
ROCK1(,  2, 19) = 
 1   1   1   1   1   1   1   1   1   1   1   1   1   1   1
 1   1   1   2   1
ROCK1(,  3, 19) = 
 1   1   1   1   1   1   1   1   1   1   1   1   1   1   1
 1   1   1   2   1
ROCK1(,  4, 19) = 
 1   1   1   1   1   1   1   1   1   1   1   1   1   1   1
 1   1   1   2   2
ROCK1(,  5, 19) = 
 1   1   1   1   1   1   1   1   1   1   1   1   1   1   2
 2   1   1   2   2
ROCK1(,  6, 19) = 
 1   1   1   1   1   1   1   1   1   1   1   1   1   1   1
 1   2   1   1   1
ROCK1(,  7, 19) = 
 1   1   1   1   1   1   1   1   1   1   1   1   1   1   1
 1   1   1   1   1
ROCK1(,  8, 19) = 
 1   1   1   1   1   1   1   1   1   1   1   1   1   1   2
 1   1   1   1   1
ROCK1(,  9, 19) = 
 1   1   1   1   1   1   1   1   1   1   1   1   1   1   2
 1   1   1   1   1
ROCK1(, 10, 19) = 
 1   1   1   1   1   1   1   1   1   1   1   1   1   1   1
 2   2   1   1   1
ROCK1(, 11, 19) = 
 1   1   1   1   1   1   1   1   1   1   1   1   1   1   1
 1   2   2   1   1
ROCK1(, 12, 19) = 
 1   1   1   1   1   1   1   1   1   1   1   1   1   1   1
 1   1   2   1   1
ROCK1(, 13, 19) = 
 1   1   1   1   1   1   1   1   1   1   1   1   1   1   1
 1   1   2   1   1
ROCK1(, 14, 19) = 
 1   1   1   1   1   1   1   1   1   1   1   1   1   1   1
 1   2   2   1   1
ROCK1(, 15, 19) = 
 1   1   1   1   1   1   1   1   1   1   1   1   1   1   1
 1   2   2   1   1
ROCK1(, 16, 19) = 
 1   1   1   1   1   1   1   1   1   1   1   1   1   1   1
 1   1   2   1   1
ROCK1(, 17, 19) = 
 1   1   1   1   1   1   1   1   1   1   1   1   1   1   1
 1   1   1   1   1
ROCK1(, 18, 19) = 
 1   1   1   1   1   1   1   1   1   1   1   1   1   1   1
 1   1   1   1   1
ROCK1(, 19, 19) = 
 1   1   1   1   1   1   1   1   1   1   1   1   1   1   1
 1   1   1   1   1
ROCK1(, 20, 19) = 
 1   1   1   1   1   1   1   1   1   1   1   1   1   1   1
 1   1   1   1   1
ROCK1(, 21, 19) = 
 1   1   1   1   1   1   1   1   1   1   1   1   2   1   1
 2   1   1   1   1
ROCK1(, 22, 19) = 
 1   1   1   1   1   1   1   1   1   1   1   1   2   1   1
 2   1   1   1   1
ROCK1(, 23, 19) = 
 1   1   1   1   1   1   1   1   1   1   1   1   1   1   1
 2   1   1   1   1
ROCK1(, 24, 19) = 
 1   1   1   1   1   1   1   1   1   1   1   1   1   2   2
 2   2   1   1   1
ROCK1(, 25, 19) = 
 1   1   1   1   1   1   1   1   1   1   1   1   1   2   2
 2   2   1   1   1
ROCK1(,  1, 20) = 
 1   1   1   1   1   1   1   1   1   1   1   1   1   1   1
 1   1   1   1   1
ROCK1(,  2, 20) = 
 1   1   1   1   1   1   1   1   1   1   1   1   1   1   1
 1   1   1   1   1
ROCK1(,  3, 20) = 
 1   1   1   1   1   1   1   1   1   1   1   1   1   1   1
 1   1   1   1   1
ROCK1(,  4, 20) = 
 1   1   1   1   1   1   1   1   1   1   1   1   1   1   1
 1   1   2   2   2
ROCK1(,  5, 20) = 
 1   1   1   1   1   1   1   1   1   1   1   1   1   1   2
 1   1   2   2   2
ROCK1(,  6, 20) = 
 1   1   1   1   1   1   1   1   1   1   1   1   1   1   1
 2   2   1   1   1
ROCK1(,  7, 20) = 
 1   1   1   1   1   1   1   1   1   1   1   1   1   1   1
 1   1   1   1   1
ROCK1(,  8, 20) = 
 1   1   1   1   1   1   1   1   1   1   1   1   1   1   1
 1   1   1   1   1
ROCK1(,  9, 20) = 
 1   1   1   1   1   1   1   1   1   1   1   1   1   1   1
 2   2   1   1   1
ROCK1(, 10, 20) = 
 1   1   1   1   1   1   1   1   1   1   1   1   1   1   2
 2   2   1   1   1
ROCK1(, 11, 20) = 
 1   1   1   1   1   1   1   1   1   1   1   1   1   1   2
 2   2   2   1   1
ROCK1(, 12, 20) = 
 1   1   1   1   1   1   1   1   1   1   1   1   1   1   1
 1   1   2   1   1
ROCK1(, 13, 20) = 
 1   1   1   1   1   1   1   1   1   1   1   1   1   1   1
 1   1   2   1   1
ROCK1(, 14, 20) = 
 1   1   1   1   1   1   1   1   1   1   1   1   1   1   1
 1   2   2   1   1
ROCK1(, 15, 20) = 
 1   1   1   1   1   1   1   1   1   1   1   1   1   1   1
 1   1   1   1   1
ROCK1(, 16, 20) = 
 1   1   1   1   1   1   1   1   1   1   1   1   1   1   1
 1   1   1   1   1
ROCK1(, 17, 20) = 
 1   1   1   1   1   1   1   1   1   1   1   1   1   1   1
 1   1   1   1   1
ROCK1(, 18, 20) = 
 1   1   1   1   1   1   1   1   1   1   1   1   1   1   1
 1   1   1   1   1
ROCK1(, 19, 20) = 
 1   1   1   1   1   1   1   1   1   1   1   1   1   1   1
 1   1   1   1   1
ROCK1(, 20, 20) = 
 1   1   1   1   1   1   1   1   1   1   1   1   1   1   1
 1   1   1   1   1
ROCK1(, 21, 20) = 
 1   1   1   1   1   1   1   1   1   1   1   1   1   1   2
 2   1   1   1   1
ROCK1(, 22, 20) = 
 1   1   1   1   1   1   1   1   1   1   1   1   1   1   2
 2   1   1   1   1
ROCK1(, 23, 20) = 
 1   1   1   1   1   1   1   1   1   1   1   1   1   1   2
 2   1   1   1   1
ROCK1(, 24, 20) = 
 1   1   1   1   1   1   1   1   1   1   1   1   1   2   2
 2   2   1   1   1
ROCK1(, 25, 20) = 
 1   1   1   1   1   1   1   1   1   1   1   1   1   2   2
 2   2   1   1   1
ROCK1(,  1, 21) = 
 1   1   1   1   1   1   1   1   1   1   1   1   1   1   1
 1   1   1   1   1
ROCK1(,  2, 21) = 
 1   1   1   1   1   1   1   1   1   1   1   1   1   1   1
 1   1   1   1   1
ROCK1(,  3, 21) = 
 1   1   1   1   1   1   1   1   1   1   1   1   1   1   1
 1   1   1   1   1
ROCK1(,  4, 21) = 
 1   1   1   1   1   1   1   1   1   1   1   1   1   1   1
 1   1   1   1   1
ROCK1(,  5, 21) = 
 1   1   1   1   1   1   1   1   1   1   1   1   1   1   1
 1   1   1   1   1
ROCK1(,  6, 21) = 
 1   1   1   1   1   1   1   1   1   1   1   1   1   2   2
 2   2   1   1   1
ROCK1(,  7, 21) = 
 1   1   1   1   1   1   1   1   1   1   1   1   1   2   2
 2   2   1   1   1
ROCK1(,  8, 21) = 
 1   1   1   1   1   1   1   1   1   1   1   1   1   1   1
 2   2   1   1   1
ROCK1(,  9, 21) = 
 1   1   1   1   1   1   1   1   1   1   1   1   1   1   2
 2   2   1   1   1
ROCK1(, 10, 21) = 
 1   1   1   1   1   1   1   1   1   1   1   1   1   1   2
 2   1   1   1   1
ROCK1(, 11, 21) = 
 1   1   1   1   1   1   1   1   1   1   1   1   1   1   2
 2   2   2   1   1
ROCK1(, 12, 21) = 
 1   1   1   1   1   1   1   1   1   1   1   1   1   1   1
 1   2   2   1   1
ROCK1(, 13, 21) = 
 1   1   1   1   1   1   1   1   1   1   1   1   1   1   1
 1   1   1   1   1
ROCK1(, 14, 21) = 
 1   1   1   1   1   1   1   1   1   1   1   1   1   1   1
 1   1   1   1   1
ROCK1(, 15, 21) = 
 1   1   1   1   1   1   1   1   1   1   1   1   1   1   1
 1   1   1   1   1
ROCK1(, 16, 21) = 
 1   1   1   1   1   1   1   1   1   1   1   1   1   1   1
 1   1   1   1   1
ROCK1(, 17, 21) = 
 1   1   1   1   1   1   1   1   1   1   1   1   1   1   1
 1   1   2   2   1
ROCK1(, 18, 21) = 
 1   1   1   1   1   1   1   1   1   1   1   1   1   1   1
 1   1   1   1   1
ROCK1(, 19, 21) = 
 1   1   1   1   1   1   1   1   1   1   1   1   1   1   1
 1   1   1   1   1
ROCK1(, 20, 21) = 
 1   1   1   1   1   1   1   1   1   1   1   1   1   1   1
 1   1   1   2   1
ROCK1(, 21, 21) = 
 1   1   1   1   1   1   1   1   1   1   1   1   1   1   1
 1   1   1   1   1
ROCK1(, 22, 21) = 
 1   1   1   1   1   1   1   1   1   1   1   1   1   1   1
 1   1   1   1   1
ROCK1(, 23, 21) = 
 1   1   1   1   1   1   1   1   1   1   1   1   1   1   2
 2   1   1   1   1
ROCK1(, 24, 21) = 
 1   1   1   1   1   1   1   1   1   1   1   1   1   1   1
 2   2   1   1   1
ROCK1(, 25, 21) = 
 1   1   1   1   1   1   1   1   1   1   1   1   1   1   1
 2   2   1   1   1
ROCK1(,  1, 22) = 
 1   1   1   1   1   1   1   1   1   1   1   1   1   1   1
 1   1   1   1   1
ROCK1(,  2, 22) = 
 1   1   1   1   1   1   1   1   1   1   1   1   1   1   1
 1   1   1   1   1
ROCK1(,  3, 22) = 
 1   1   1   1   1   1   1   1   1   1   1   1   1   1   2
 2   2   1   1   1
ROCK1(,  4, 22) = 
 1   1   1   1   1   1   1   1   1   1   1   1   1   1   1
 1   2   1   1   1
ROCK1(,  5, 22) = 
 1   1   1   1   1   1   1   1   1   1   1   1   1   1   1
 1   2   1   1   1
ROCK1(,  6, 22) = 
 1   1   1   1   1   1   1   1   1   1   1   1   1   1   1
 2   2   1   1   1
ROCK1(,  7, 22) = 
 1   1   1   1   1   1   1   1   1   1   1   1   1   2   2
 2   2   1   1   1
ROCK1(,  8, 22) = 
 1   1   1   1   1   1   1   1   1   1   1   1   1   1   1
 2   2   1   1   1
ROCK1(,  9, 22) = 
 1   1   1   1   1   1   1   1   1   1   1   1   1   1   2
 2   2   1   1   1
ROCK1(, 10, 22) = 
 1   1   1   1   1   1   1   1   1   1   1   1   1   1   1
 1   1   1   1   1
ROCK1(, 11, 22) = 
 1   1   1   1   1   1   1   1   1   1   1   1   1   1   1
 1   2   2   1   1
ROCK1(, 12, 22) = 
 1   1   1   1   1   1   1   1   1   1   1   1   1   1   1
 1   2   2   1   1
ROCK1(, 13, 22) = 
 1   1   1   1   1   1   1   1   1   1   1   1   1   1   1
 1   1   1   1   1
ROCK1(, 14, 22) = 
 1   1   1   1   1   1   1   1   1   1   1   1   1   1   1
 1   1   1   1   1
ROCK1(, 15, 22) = 
 1   1   1   1   1   1   1   1   1   1   1   1   1   1   1
 1   2   2   1   1
ROCK1(, 16, 22) = 
 1   1   1   1   1   1   1   1   1   1   1   1   1   1   1
 1   2   2   1   1
ROCK1(, 17, 22) = 
 1   1   1   1   1   1   1   1   1   1   1   1   1   1   1
 1   1   2   2   1
ROCK1(, 18, 22) = 
 1   1   1   1   1   1   1   1   1   1   1   1   1   1   1
 1   1   2   2   1
ROCK1(, 19, 22) = 
 1   1   1   1   1   1   1   1   1   1   1   1   1   1   1
 1   1   1   2   1
ROCK1(, 20, 22) = 
 1   1   1   1   1   1   1   1   1   1   1   1   1   1   2
 2   1   1   2   1
ROCK1(, 21, 22) = 
 1   1   1   1   1   1   1   1   1   1   1   1   1   1   1
 1   1   1   1   1
ROCK1(, 22, 22) = 
 1   1   1   1   1   1   1   1   1   1   1   1   1   1   1
 1   1   1   1   1
ROCK1(, 23, 22) = 
 1   1   1   1   1   1   1   1   1   1   1   1   1   2   2
 2   1   1   1   1
ROCK1(, 24, 22) = 
 1   1   1   1   1   1   1   1   1   1   1   1   1   1   2
 2   2   1   1   1
ROCK1(, 25, 22) = 
 1   1   1   1   1   1   1   1   1   1   1   1   1   1   2
 2   2   1   1   1
ROCK1(,  1, 23) = 
 1   1   1   1   1   1   1   1   1   1   1   1   1   1   1
 1   1   1   1   1
ROCK1(,  2, 23) = 
 1   1   1   1   1   1   1   1   1   1   1   1   1   1   1
 1   1   1   1   1
ROCK1(,  3, 23) = 
 1   1   1   1   1   1   1   1   1   1   1   1   1   1   1
 1   1   1   1   1
ROCK1(,  4, 23) = 
 1   1   1   1   1   1   1   1   1   1   1   1   1   1   1
 2   2   1   1   1
ROCK1(,  5, 23) = 
 1   1   1   1   1   1   1   1   1   1   1   1   1   1   1
 2   2   1   1   1
ROCK1(,  6, 23) = 
 1   1   1   1   1   1   1   1   1   1   1   1   1   1   1
 2   2   1   1   1
ROCK1(,  7, 23) = 
 1   1   1   1   1   1   1   1   1   1   1   1   1   2   2
 2   2   1   1   1
ROCK1(,  8, 23) = 
 1   1   1   1   1   1   1   1   1   1   1   1   1   1   1
 2   2   1   1   1
ROCK1(,  9, 23) = 
 1   1   1   1   1   1   1   1   1   1   1   1   1   1   2
 2   2   1   1   1
ROCK1(, 10, 23) = 
 1   1   1   1   1   1   1   1   1   1   1   1   1   1   1
 1   1   1   1   1
ROCK1(, 11, 23) = 
 1   1   1   1   1   1   1   1   1   1   1   1   1   1   1
 1   1   1   1   1
ROCK1(, 12, 23) = 
 1   1   1   1   1   1   1   1   1   1   1   1   1   1   1
 2   1   1   1   1
ROCK1(, 13, 23) = 
 1   1   1   1   1   1   1   1   1   1   1   1   1   1   1
 2   1   1   1   1
ROCK1(, 14, 23) = 
 1   1   1   1   1   1   1   1   1   1   1   1   1   1   1
 2   2   2   1   1
ROCK1(, 15, 23) = 
 1   1   1   1   1   1   1   1   1   1   1   1   1   1   1
 1   2   2   1   1
ROCK1(, 16, 23) = 
 1   1   1   1   1   1   1   1   1   1   1   1   1   1   1
 1   2   2   1   1
ROCK1(, 17, 23) = 
 1   1   1   1   1   1   1   1   1   1   1   1   1   1   1
 2   2   2   2   1
ROCK1(, 18, 23) = 
 1   1   1   1   1   1   1   1   1   1   1   1   1   1   1
 2   2   1   1   1
ROCK1(, 19, 23) = 
 1   1   1   1   1   1   1   1   1   1   1   1   1   1   1
 2   2   1   1   1
ROCK1(, 20, 23) = 
 1   1   1   1   1   1   1   1   1   1   1   1   1   1   1
 2   1   1   1   1
ROCK1(, 21, 23) = 
 1   1   1   1   1   1   1   1   1   1   1   1   1   1   1
 1   1   1   1   1
ROCK1(, 22, 23) = 
 1   1   1   1   1   1   1   1   1   1   1   1   1   2   1
 1   1   1   1   1
ROCK1(, 23, 23) = 
 1   1   1   1   1   1   1   1   1   1   1   1   1   2   2
 2   1   1   1   1
ROCK1(, 24, 23) = 
 1   1   1   1   1   1   1   1   1   1   1   1   1   1   2
 2   2   1   1   1
ROCK1(, 25, 23) = 
 1   1   1   1   1   1   1   1   1   1   1   1   1   1   2
 2   2   1   1   1
ROCK1(,  1, 24) = 
 1   1   1   1   1   1   1   1   1   1   1   1   1   1   1
 1   1   1   1   1
ROCK1(,  2, 24) = 
 1   1   1   1   1   1   1   1   1   1   1   1   1   1   1
 1   1   1   1   1
ROCK1(,  3, 24) = 
 1   1   1   1   1   1   1   1   1   1   1   1   1   1   1
 1   1   1   1   1
ROCK1(,  4, 24) = 
 1   1   1   1   1   1   1   1   1   1   1   1   1   1   1
 1   1   1   1   1
ROCK1(,  5, 24) = 
 1   1   1   1   1   1   1   1   1   1   1   1   1   1   1
 1   1   1   1   1
ROCK1(,  6, 24) = 
 1   1   1   1   1   1   1   1   1   1   1   1   1   1   1
 1   1   1   1   1
ROCK1(,  7, 24) = 
 1   1   1   1   1   1   1   1   1   1   1   1   1   1   1
 2   2   1   1   1
ROCK1(,  8, 24) = 
 1   1   1   1   1   1   1   1   1   1   1   1   1   1   1
 2   2   1   1   1
ROCK1(,  9, 24) = 
 1   1   1   1   1   1   1   1   1   1   1   1   1   1   2
 2   2   1   1   1
ROCK1(, 10, 24) = 
 1   1   1   1   1   1   1   1   1   1   1   1   1   1   1
 1   1   1   1   1
ROCK1(, 11, 24) = 
 1   1   1   1   1   1   1   1   1   1   1   1   1   1   1
 1   1   1   1   1
ROCK1(, 12, 24) = 
 1   1   1   1   1   1   1   1   1   1   1   1   1   1   1
 2   1   1   1   1
ROCK1(, 13, 24) = 
 1   1   1   1   1   1   1   1   1   1   1   1   1   1   1
 1   1   1   1   1
ROCK1(, 14, 24) = 
 1   1   1   1   1   1   1   1   1   1   1   1   1   1   1
 1   1   2   1   1
ROCK1(, 15, 24) = 
 1   1   1   1   1   1   1   1   1   1   1   1   1   1   1
 1   2   2   1   1
ROCK1(, 16, 24) = 
 1   1   1   1   1   1   1   1   1   1   1   1   1   1   1
 1   2   2   1   1
ROCK1(, 17, 24) = 
 1   1   1   1   1   1   1   1   1   1   1   1   1   1   1
 2   2   2   2   1
ROCK1(, 18, 24) = 
 1   1   1   1   1   1   1   1   1   1   1   1   1   1   1
 2   2   1   1   1
ROCK1(, 19, 24) = 
 1   1   1   1   1   1   1   1   1   1   1   1   1   1   1
 2   2   1   1   1
ROCK1(, 20, 24) = 
 1   1   1   1   1   1   1   1   1   1   1   1   1   1   1
 1   1   1   1   1
ROCK1(, 21, 24) = 
 1   1   1   1   1   1   1   1   1   1   1   1   1   1   1
 1   1   1   1   1
ROCK1(, 22, 24) = 
 1   1   1   1   1   1   1   1   1   1   1   1   1   2   1
 1   1   1   1   1
ROCK1(, 23, 24) = 
 1   1   1   1   1   1   1   1   1   1   1   1   1   2   2
 2   1   1   1   1
ROCK1(, 24, 24) = 
 1   1   1   1   1   1   1   1   1   1   1   1   1   1   2
 2   2   1   1   1
ROCK1(, 25, 24) = 
 1   1   1   1   1   1   1   1   1   1   1   1   1   1   2
 2   2   1   1   1
ROCK1(,  1, 25) = 
 1   1   1   1   1   1   1   1   1   1   1   1   1   1   1
 1   1   1   1   1
ROCK1(,  2, 25) = 
 1   1   1   1   1   1   1   1   1   1   1   1   1   1   1
 1   1   1   1   1
ROCK1(,  3, 25) = 
 1   1   1   1   1   1   1   1   1   1   1   1   1   1   1
 1   1   1   1   1
ROCK1(,  4, 25) = 
 1   1   1   1   1   1   1   1   1   1   1   1   1   1   1
 1   1   1   1   1
ROCK1(,  5, 25) = 
 1   1   1   1   1   1   1   1   1   1   1   1   1   1   1
 1   1   1   1   1
ROCK1(,  6, 25) = 
 1   1   1   1   1   1   1   1   1   1   1   1   1   1   1
 1   1   1   1   1
ROCK1(,  7, 25) = 
 1   1   1   1   1   1   1   1   1   1   1   1   1   1   1
 1   1   1   1   1
ROCK1(,  8, 25) = 
 1   1   1   1   1   1   1   1   1   1   1   1   1   1   1
 1   1   1   1   1
ROCK1(,  9, 25) = 
 1   1   1   1   1   1   1   1   1   1   1   1   1   1   1
 1   1   1   1   1
ROCK1(, 10, 25) = 
 1   1   1   1   1   1   1   1   1   1   1   1   1   1   1
 1   1   1   1   1
ROCK1(, 11, 25) = 
 1   1   1   1   1   1   1   1   1   1   1   1   1   1   1
 1   1   1   1   1
ROCK1(, 12, 25) = 
 1   1   1   1   1   1   1   1   1   1   1   1   1   1   1
 1   1   1   1   1
ROCK1(, 13, 25) = 
 1   1   1   1   1   1   1   1   1   1   1   1   1   1   1
 1   1   2   1   1
ROCK1(, 14, 25) = 
 1   1   1   1   1   1   1   1   1   1   1   1   1   1   1
 1   1   2   1   1
ROCK1(, 15, 25) = 
 1   1   1   1   1   1   1   1   1   1   1   1   1   1   1
 1   2   2   1   1
ROCK1(, 16, 25) = 
 1   1   1   1   1   1   1   1   1   1   1   1   1   1   1
 1   2   2   1   1
ROCK1(, 17, 25) = 
 1   1   1   1   1   1   1   1   1   1   1   1   1   1   1
 1   2   2   1   1
ROCK1(, 18, 25) = 
 1   1   1   1   1   1   1   1   1   1   1   1   1   1   1
 2   2   2   2   1
ROCK1(, 19, 25) = 
 1   1   1   1   1   1   1   1   1   1   1   1   1   1   1
 2   2   2   2   1
ROCK1(, 20, 25) = 
 1   1   1   1   1   1   1   1   1   1   1   1   1   1   1
 1   1   1   1   1
ROCK1(, 21, 25) = 
 1   1   1   1   1   1   1   1   1   1   1   1   1   1   1
 1   1   1   1   1
ROCK1(, 22, 25) = 
 1   1   1   1   1   1   1   1   1   1   1   1   1   1   1
 1   1   1   1   1
ROCK1(, 23, 25) = 
 1   1   1   1   1   1   1   1   1   1   1   1   1   1   1
 2   1   1   1   1
ROCK1(, 24, 25) = 
 1   1   1   1   1   1   1   1   1   1   1   1   1   1   1
 1   1   1   1   1
ROCK1(, 25, 25) = 
 1   1   1   1   1   1   1   1   1   1   1   1   1   1   1
 1   1   1   1   1
 
$ RELATIVE PERMEABILITY AND CAPILLARY PRESSURE TABLES
 
KOSW(1) Block  $ Krw vs Sw, ROCK TYPE1
  Interpolation Linear
  Extrapolation Constant
Data
     0.0000000    1.0000000
     0.0500000    0.8402778
     0.1000000    0.6944444
     0.1500000    0.5625000
     0.2000000    0.4444444
     0.2500000    0.3402778
     0.3000000    0.2500000
     0.3500000    0.1736111
     0.4000000    0.1111111
     0.4500000    0.0625000
     0.5000000    0.0277778
     0.5500000    0.0069444
     0.6000000    0.0000000
EndBlock
 
KWSW(1) Block  $ Kro vs Sw, ROCK TYPE1
  Interpolation Linear
  Extrapolation Constant
Data
     0.0000000    0.0000000
     0.0500000    0.0069444
     0.1000000    0.0277778
     0.1500000    0.0625000
     0.2000000    0.1111111
     0.2500000    0.1736111
     0.3000000    0.2500000
     0.3500000    0.3402778
     0.4000000    0.4444444
     0.4500000    0.5625000
     0.5000000    0.6944444
     0.5500000    0.8402778
     0.6000000    1.0000000
     0.6500000    1.1736111
     0.7000000    1.3611111
     0.7500000    1.5625000
     0.8000000    1.7777778
     0.8500000    2.0069444
     0.9000000    2.2500000
     0.9500000    2.5069444
     1.0000000    2.7777778
EndBlock
 
KOSG(1) Block  $ Krw vs 1-Sl, ROCK TYPE1
  Interpolation Linear
  Extrapolation Constant
Data
     0.0000000    1.0000000
     0.0500000    0.8402778
     0.1000000    0.6944444
     0.1500000    0.5625000
     0.2000000    0.4444444
     0.2500000    0.3402778
     0.3000000    0.2500000
     0.3500000    0.1736111
     0.4000000    0.1111111
     0.4500000    0.0625000
     0.5000000    0.0277778
     0.5500000    0.0069444
     0.6000000    0.0000000
EndBlock
 
KGSG(1) Block  $ Krg vs 1-Sl, ROCK TYPE1
  Interpolation Linear
  Extrapolation Constant
Data
     0.0000000    0.0000000
     0.0500000    0.0069444
     0.1000000    0.0277778
     0.1500000    0.0625000
     0.2000000    0.1111111
     0.2500000    0.1736111
     0.3000000    0.2500000
     0.3500000    0.3402778
     0.4000000    0.4444444
     0.4500000    0.5625000
     0.5000000    0.6944444
     0.5500000    0.8402778
     0.6000000    1.0000000
     0.6500000    1.1736111
     0.7000000    1.3611111
     0.7500000    1.5625000
     0.8000000    1.7777778
     0.8500000    2.0069444
     0.9000000    2.2500000
     0.9500000    2.5069444
     1.0000000    2.7777778
EndBlock
 
PCOW(1) Block  $ Pcow vs Sw, ROCK TYPE1
  Interpolation Linear
  Extrapolation Constant
Data
     0.0000000    0.0000000
     1.0000000    0.0000000
EndBlock
 
PCGO(1) Block  $ Pcgo vs Sw, ROCK TYPE1
  Interpolation Linear
  Extrapolation Constant
Data
     0.4500000    5.0242546
     0.5000000    3.5526845
     0.5500000    2.9007548
     0.6000000    2.5121273
     0.6500000    2.2469150
     0.7000000    2.0511434
     0.7500000    1.8989898
     0.8000000    1.7763423
     0.8500000    1.6747515
     0.9000000    1.5888088
     0.9500000    1.5148698
     1.0000000    1.4503774
EndBlock
 
KOSW(2) Block  $ Krw vs Sw, ROCK TYPE2
  Interpolation Linear
  Extrapolation Constant
Data
     0.0000000    1.0000000
     0.0500000    0.8563154
     0.1000000    0.7237692
     0.1500000    0.6023613
     0.2000000    0.4920918
     0.2500000    0.3929606
     0.3000000    0.3049677
     0.3500000    0.2281132
     0.4000000    0.1623970
     0.4500000    0.1078191
     0.5000000    0.0643796
     0.5500000    0.0320784
     0.6000000    0.0109156
     0.6500000    0.0008911
     0.6700000    0.0000000
EndBlock
 
KWSW(2) Block  $ Kro vs Sw, ROCK TYPE2
  Interpolation Linear
  Extrapolation Constant
Data
     0.0000000    0.0000000
     0.0500000    0.0055692
     0.1000000    0.0222767
     0.1500000    0.0501225
     0.2000000    0.0891067
     0.2500000    0.1392292
     0.3000000    0.2004901
     0.3500000    0.2728893
     0.4000000    0.3564268
     0.4500000    0.4511027
     0.5000000    0.5569169
     0.5500000    0.6738695
     0.6000000    0.8019603
     0.6500000    0.9411896
     0.7000000    1.0915571
     0.7500000    1.2530630
     0.8000000    1.4257073
     0.8500000    1.6094899
     0.9000000    1.8044108
     0.9500000    2.0104700
     1.0000000    2.2276676
EndBlock
 
KOSG(2) Block  $ Krw vs 1-Sl, ROCK TYPE2
  Interpolation Linear
  Extrapolation Constant
Data
     0.0000000    1.0000000
     0.0500000    0.8563154
     0.1000000    0.7237692
     0.1500000    0.6023613
     0.2000000    0.4920918
     0.2500000    0.3929606
     0.3000000    0.3049677
     0.3500000    0.2281132
     0.4000000    0.1623970
     0.4500000    0.1078191
     0.5000000    0.0643796
     0.5500000    0.0320784
     0.6000000    0.0109156
     0.6500000    0.0008911
     0.6700000    0.0000000
EndBlock
 
KGSG(2) Block  $ Krg vs 1-Sl, ROCK TYPE2
  Interpolation Linear
  Extrapolation Constant
Data
     0.0000000    0.0000000
     0.0500000    0.0055692
     0.1000000    0.0222767
     0.1500000    0.0501225
     0.2000000    0.0891067
     0.2500000    0.1392292
     0.3000000    0.2004901
     0.3500000    0.2728893
     0.4000000    0.3564268
     0.4500000    0.4511027
     0.5000000    0.5569169
     0.5500000    0.6738695
     0.6000000    0.8019603
     0.6500000    0.9411896
     0.7000000    1.0915571
     0.7500000    1.2530630
     0.8000000    1.4257073
     0.8500000    1.6094899
     0.9000000    1.8044108
     0.9500000    2.0104700
     1.0000000    2.2276676
EndBlock
 
PCOW(2) Block  $ Pcow vs Sw, ROCK TYPE2
  Interpolation Linear
  Extrapolation Constant
Data
     0.0000000    0.0000000
     1.0000000    0.0000000
EndBlock
 
PCGO(2) Block  $ Pcgo vs Sw, ROCK TYPE2
  Interpolation Linear
  Extrapolation Constant
Data
     0.3500000    8.3946660
     0.4000000    4.4871377
     0.4500000    3.4271080
     0.5000000    2.8793467
     0.5500000    2.5310870
     0.6000000    2.2847387
     0.6500000    2.0986665
     0.7000000    1.9517202
     0.7500000    1.8318663
     0.8000000    1.7316874
     0.8500000    1.6463295
     0.9000000    1.5724650
     0.9500000    1.5077265
     1.0000000    1.4503774
EndBlock
 
