BLOCKNAME(1) = "BLOCK 1"
NX(1)=8  NY(1)=5  NZ(1)=5
XC1()=
   1.007845E+04    1.008376E+04    1.008907E+04    1.009438E+04
   1.009838E+04    1.010238E+04    1.010795E+04    1.011352E+04
   1.011909E+04    1.007845E+04    1.008442E+04    1.009039E+04
   1.009636E+04    1.010036E+04    1.010436E+04    1.010927E+04
   1.011418E+04    1.011909E+04    1.007845E+04    1.008497E+04
   1.009149E+04    1.009800E+04    1.010200E+04    1.010600E+04
   1.011036E+04    1.011472E+04    1.011909E+04    1.007845E+04
   1.008542E+04    1.009239E+04    1.009936E+04    1.010336E+04
   1.010736E+04    1.011127E+04    1.011518E+04    1.011909E+04
   1.007845E+04    1.008581E+04    1.009317E+04    1.010053E+04
   1.010453E+04    1.010853E+04    1.011205E+04    1.011557E+04
   1.011909E+04    1.007845E+04    1.008600E+04    1.009354E+04
   1.010109E+04    1.010509E+04    1.010909E+04    1.011242E+04
   1.011575E+04    1.011909E+04    1.007845E+04    1.008342E+04
   1.008839E+04    1.009336E+04    1.009736E+04    1.010136E+04
   1.010727E+04    1.011318E+04    1.011909E+04    1.007845E+04
   1.008406E+04    1.008967E+04    1.009528E+04    1.009928E+04
   1.010328E+04    1.010855E+04    1.011382E+04    1.011909E+04
   1.007845E+04    1.008460E+04    1.009074E+04    1.009689E+04
   1.010089E+04    1.010489E+04    1.010962E+04    1.011435E+04
   1.011909E+04    1.007845E+04    1.008505E+04    1.009165E+04
   1.009825E+04    1.010225E+04    1.010625E+04    1.011053E+04
   1.011481E+04    1.011909E+04    1.007845E+04    1.008545E+04
   1.009245E+04    1.009945E+04    1.010345E+04    1.010745E+04
   1.011133E+04    1.011521E+04    1.011909E+04    1.007845E+04
   1.008564E+04    1.009283E+04    1.010002E+04    1.010402E+04
   1.010802E+04    1.011171E+04    1.011540E+04    1.011909E+04
   1.007845E+04    1.008301E+04    1.008756E+04    1.009211E+04
   1.009611E+04    1.010011E+04    1.010644E+04    1.011276E+04
   1.011909E+04    1.007845E+04    1.008362E+04    1.008880E+04
   1.009397E+04    1.009797E+04    1.010197E+04    1.010767E+04
   1.011338E+04    1.011909E+04    1.007845E+04    1.008415E+04
   1.008986E+04    1.009556E+04    1.009956E+04    1.010356E+04
   1.010874E+04    1.011391E+04    1.011909E+04    1.007845E+04
   1.008462E+04    1.009078E+04    1.009695E+04    1.010095E+04
   1.010495E+04    1.010966E+04    1.011437E+04    1.011909E+04
   1.007845E+04    1.008504E+04    1.009164E+04    1.009823E+04
   1.010223E+04    1.010623E+04    1.011051E+04    1.011480E+04
   1.011909E+04    1.007845E+04    1.008525E+04    1.009205E+04
   1.009885E+04    1.010285E+04    1.010685E+04    1.011093E+04
   1.011501E+04    1.011909E+04    1.007845E+04    1.008253E+04
   1.008662E+04    1.009070E+04    1.009470E+04    1.009870E+04
   1.010550E+04    1.011229E+04    1.011909E+04    1.007845E+04
   1.008313E+04    1.008782E+04    1.009250E+04    1.009650E+04
   1.010050E+04    1.010670E+04    1.011289E+04    1.011909E+04
   1.007845E+04    1.008367E+04    1.008888E+04    1.009410E+04
   1.009810E+04    1.010210E+04    1.010776E+04    1.011342E+04
   1.011909E+04    1.007845E+04    1.008416E+04    1.008986E+04
   1.009557E+04    1.009957E+04    1.010357E+04    1.010874E+04
   1.011391E+04    1.011909E+04    1.007845E+04    1.008462E+04
   1.009080E+04    1.009698E+04    1.010098E+04    1.010498E+04
   1.010968E+04    1.011438E+04    1.011909E+04    1.007845E+04
   1.008486E+04    1.009127E+04    1.009767E+04    1.010167E+04
   1.010567E+04    1.011015E+04    1.011462E+04    1.011909E+04
   1.007845E+04    1.008204E+04    1.008562E+04    1.008921E+04
   1.009321E+04    1.009721E+04    1.010450E+04    1.011179E+04
   1.011909E+04    1.007845E+04    1.008262E+04    1.008679E+04
   1.009097E+04    1.009497E+04    1.009897E+04    1.010567E+04
   1.011238E+04    1.011909E+04    1.007845E+04    1.008317E+04
   1.008788E+04    1.009260E+04    1.009660E+04    1.010060E+04
   1.010676E+04    1.011292E+04    1.011909E+04    1.007845E+04
   1.008369E+04    1.008894E+04    1.009418E+04    1.009818E+04
   1.010218E+04    1.010782E+04    1.011345E+04    1.011909E+04
   1.007845E+04    1.008422E+04    1.008999E+04    1.009576E+04
   1.009976E+04    1.010376E+04    1.010887E+04    1.011398E+04
   1.011909E+04    1.007845E+04    1.008449E+04    1.009053E+04
   1.009657E+04    1.010057E+04    1.010457E+04    1.010941E+04
   1.011425E+04    1.011909E+04    1.007845E+04    1.008178E+04
   1.008512E+04    1.008845E+04    1.009245E+04    1.009645E+04
   1.010400E+04    1.011154E+04    1.011909E+04    1.007845E+04
   1.008236E+04    1.008628E+04    1.009019E+04    1.009419E+04
   1.009819E+04    1.010516E+04    1.011212E+04    1.011909E+04
   1.007845E+04    1.008292E+04    1.008738E+04    1.009185E+04
   1.009585E+04    1.009985E+04    1.010626E+04    1.011267E+04
   1.011909E+04    1.007845E+04    1.008347E+04    1.008848E+04
   1.009349E+04    1.009749E+04    1.010149E+04    1.010736E+04
   1.011322E+04    1.011909E+04    1.007845E+04    1.008403E+04
   1.008960E+04    1.009517E+04    1.009917E+04    1.010317E+04
   1.010848E+04    1.011378E+04    1.011909E+04    1.007845E+04
   1.008431E+04    1.009017E+04    1.009603E+04    1.010003E+04
   1.010403E+04    1.010905E+04    1.011407E+04    1.011909E+04

YC1()=
   7.050000E+03    7.050000E+03    7.050000E+03    7.050000E+03
   7.050000E+03    7.050000E+03    7.050000E+03    7.050000E+03
   7.050000E+03    7.100000E+03    7.100000E+03    7.100000E+03
   7.100000E+03    7.100000E+03    7.100000E+03    7.100000E+03
   7.100000E+03    7.100000E+03    7.150000E+03    7.150000E+03
   7.150000E+03    7.150000E+03    7.150000E+03    7.150000E+03
   7.150000E+03    7.150000E+03    7.150000E+03    7.200000E+03
   7.200000E+03    7.200000E+03    7.200000E+03    7.200000E+03
   7.200000E+03    7.200000E+03    7.200000E+03    7.200000E+03
   7.250000E+03    7.250000E+03    7.250000E+03    7.250000E+03
   7.250000E+03    7.250000E+03    7.250000E+03    7.250000E+03
   7.250000E+03    7.300000E+03    7.300000E+03    7.300000E+03
   7.300000E+03    7.300000E+03    7.300000E+03    7.300000E+03
   7.300000E+03    7.300000E+03    7.050000E+03    7.050000E+03
   7.050000E+03    7.050000E+03    7.050000E+03    7.050000E+03
   7.050000E+03    7.050000E+03    7.050000E+03    7.100000E+03
   7.100000E+03    7.100000E+03    7.100000E+03    7.100000E+03
   7.100000E+03    7.100000E+03    7.100000E+03    7.100000E+03
   7.150000E+03    7.150000E+03    7.150000E+03    7.150000E+03
   7.150000E+03    7.150000E+03    7.150000E+03    7.150000E+03
   7.150000E+03    7.200000E+03    7.200000E+03    7.200000E+03
   7.200000E+03    7.200000E+03    7.200000E+03    7.200000E+03
   7.200000E+03    7.200000E+03    7.250000E+03    7.250000E+03
   7.250000E+03    7.250000E+03    7.250000E+03    7.250000E+03
   7.250000E+03    7.250000E+03    7.250000E+03    7.300000E+03
   7.300000E+03    7.300000E+03    7.300000E+03    7.300000E+03
   7.300000E+03    7.300000E+03    7.300000E+03    7.300000E+03
   7.050000E+03    7.050000E+03    7.050000E+03    7.050000E+03
   7.050000E+03    7.050000E+03    7.050000E+03    7.050000E+03
   7.050000E+03    7.100000E+03    7.100000E+03    7.100000E+03
   7.100000E+03    7.100000E+03    7.100000E+03    7.100000E+03
   7.100000E+03    7.100000E+03    7.150000E+03    7.150000E+03
   7.150000E+03    7.150000E+03    7.150000E+03    7.150000E+03
   7.150000E+03    7.150000E+03    7.150000E+03    7.200000E+03
   7.200000E+03    7.200000E+03    7.200000E+03    7.200000E+03
   7.200000E+03    7.200000E+03    7.200000E+03    7.200000E+03
   7.250000E+03    7.250000E+03    7.250000E+03    7.250000E+03
   7.250000E+03    7.250000E+03    7.250000E+03    7.250000E+03
   7.250000E+03    7.300000E+03    7.300000E+03    7.300000E+03
   7.300000E+03    7.300000E+03    7.300000E+03    7.300000E+03
   7.300000E+03    7.300000E+03    7.050000E+03    7.050000E+03
   7.050000E+03    7.050000E+03    7.050000E+03    7.050000E+03
   7.050000E+03    7.050000E+03    7.050000E+03    7.100000E+03
   7.100000E+03    7.100000E+03    7.100000E+03    7.100000E+03
   7.100000E+03    7.100000E+03    7.100000E+03    7.100000E+03
   7.150000E+03    7.150000E+03    7.150000E+03    7.150000E+03
   7.150000E+03    7.150000E+03    7.150000E+03    7.150000E+03
   7.150000E+03    7.200000E+03    7.200000E+03    7.200000E+03
   7.200000E+03    7.200000E+03    7.200000E+03    7.200000E+03
   7.200000E+03    7.200000E+03    7.250000E+03    7.250000E+03
   7.250000E+03    7.250000E+03    7.250000E+03    7.250000E+03
   7.250000E+03    7.250000E+03    7.250000E+03    7.300000E+03
   7.300000E+03    7.300000E+03    7.300000E+03    7.300000E+03
   7.300000E+03    7.300000E+03    7.300000E+03    7.300000E+03
   7.050000E+03    7.050000E+03    7.050000E+03    7.050000E+03
   7.050000E+03    7.050000E+03    7.050000E+03    7.050000E+03
   7.050000E+03    7.100000E+03    7.100000E+03    7.100000E+03
   7.100000E+03    7.100000E+03    7.100000E+03    7.100000E+03
   7.100000E+03    7.100000E+03    7.150000E+03    7.150000E+03
   7.150000E+03    7.150000E+03    7.150000E+03    7.150000E+03
   7.150000E+03    7.150000E+03    7.150000E+03    7.200000E+03
   7.200000E+03    7.200000E+03    7.200000E+03    7.200000E+03
   7.200000E+03    7.200000E+03    7.200000E+03    7.200000E+03
   7.250000E+03    7.250000E+03    7.250000E+03    7.250000E+03
   7.250000E+03    7.250000E+03    7.250000E+03    7.250000E+03
   7.250000E+03    7.300000E+03    7.300000E+03    7.300000E+03
   7.300000E+03    7.300000E+03    7.300000E+03    7.300000E+03
   7.300000E+03    7.300000E+03    7.050000E+03    7.050000E+03
   7.050000E+03    7.050000E+03    7.050000E+03    7.050000E+03
   7.050000E+03    7.050000E+03    7.050000E+03    7.100000E+03
   7.100000E+03    7.100000E+03    7.100000E+03    7.100000E+03
   7.100000E+03    7.100000E+03    7.100000E+03    7.100000E+03
   7.150000E+03    7.150000E+03    7.150000E+03    7.150000E+03
   7.150000E+03    7.150000E+03    7.150000E+03    7.150000E+03
   7.150000E+03    7.200000E+03    7.200000E+03    7.200000E+03
   7.200000E+03    7.200000E+03    7.200000E+03    7.200000E+03
   7.200000E+03    7.200000E+03    7.250000E+03    7.250000E+03
   7.250000E+03    7.250000E+03    7.250000E+03    7.250000E+03
   7.250000E+03    7.250000E+03    7.250000E+03    7.300000E+03
   7.300000E+03    7.300000E+03    7.300000E+03    7.300000E+03
   7.300000E+03    7.300000E+03    7.300000E+03    7.300000E+03

ZC1()=
   6.650000E+03    6.650000E+03    6.650000E+03    6.650000E+03
   6.650000E+03    6.650000E+03    6.650000E+03    6.650000E+03
   6.650000E+03    6.650000E+03    6.650000E+03    6.650000E+03
   6.650000E+03    6.650000E+03    6.650000E+03    6.650000E+03
   6.650000E+03    6.650000E+03    6.650000E+03    6.650000E+03
   6.650000E+03    6.650000E+03    6.650000E+03    6.650000E+03
   6.650000E+03    6.650000E+03    6.650000E+03    6.650000E+03
   6.650000E+03    6.650000E+03    6.650000E+03    6.650000E+03
   6.650000E+03    6.650000E+03    6.650000E+03    6.650000E+03
   6.650000E+03    6.650000E+03    6.650000E+03    6.650000E+03
   6.650000E+03    6.650000E+03    6.650000E+03    6.650000E+03
   6.650000E+03    6.650000E+03    6.650000E+03    6.650000E+03
   6.650000E+03    6.650000E+03    6.650000E+03    6.650000E+03
   6.650000E+03    6.650000E+03    6.700000E+03    6.700000E+03
   6.700000E+03    6.700000E+03    6.700000E+03    6.700000E+03
   6.700000E+03    6.700000E+03    6.700000E+03    6.700000E+03
   6.700000E+03    6.700000E+03    6.700000E+03    6.700000E+03
   6.700000E+03    6.700000E+03    6.700000E+03    6.700000E+03
   6.700000E+03    6.700000E+03    6.700000E+03    6.700000E+03
   6.700000E+03    6.700000E+03    6.700000E+03    6.700000E+03
   6.700000E+03    6.700000E+03    6.700000E+03    6.700000E+03
   6.700000E+03    6.700000E+03    6.700000E+03    6.700000E+03
   6.700000E+03    6.700000E+03    6.700000E+03    6.700000E+03
   6.700000E+03    6.700000E+03    6.700000E+03    6.700000E+03
   6.700000E+03    6.700000E+03    6.700000E+03    6.700000E+03
   6.700000E+03    6.700000E+03    6.700000E+03    6.700000E+03
   6.700000E+03    6.700000E+03    6.700000E+03    6.700000E+03
   6.750000E+03    6.750000E+03    6.750000E+03    6.750000E+03
   6.750000E+03    6.750000E+03    6.750000E+03    6.750000E+03
   6.750000E+03    6.750000E+03    6.750000E+03    6.750000E+03
   6.750000E+03    6.750000E+03    6.750000E+03    6.750000E+03
   6.750000E+03    6.750000E+03    6.750000E+03    6.750000E+03
   6.750000E+03    6.750000E+03    6.750000E+03    6.750000E+03
   6.750000E+03    6.750000E+03    6.750000E+03    6.750000E+03
   6.750000E+03    6.750000E+03    6.750000E+03    6.750000E+03
   6.750000E+03    6.750000E+03    6.750000E+03    6.750000E+03
   6.750000E+03    6.750000E+03    6.750000E+03    6.750000E+03
   6.750000E+03    6.750000E+03    6.750000E+03    6.750000E+03
   6.750000E+03    6.750000E+03    6.750000E+03    6.750000E+03
   6.750000E+03    6.750000E+03    6.750000E+03    6.750000E+03
   6.750000E+03    6.750000E+03    6.800000E+03    6.800000E+03
   6.800000E+03    6.800000E+03    6.800000E+03    6.800000E+03
   6.800000E+03    6.800000E+03    6.800000E+03    6.800000E+03
   6.800000E+03    6.800000E+03    6.800000E+03    6.800000E+03
   6.800000E+03    6.800000E+03    6.800000E+03    6.800000E+03
   6.800000E+03    6.800000E+03    6.800000E+03    6.800000E+03
   6.800000E+03    6.800000E+03    6.800000E+03    6.800000E+03
   6.800000E+03    6.800000E+03    6.800000E+03    6.800000E+03
   6.800000E+03    6.800000E+03    6.800000E+03    6.800000E+03
   6.800000E+03    6.800000E+03    6.800000E+03    6.800000E+03
   6.800000E+03    6.800000E+03    6.800000E+03    6.800000E+03
   6.800000E+03    6.800000E+03    6.800000E+03    6.800000E+03
   6.800000E+03    6.800000E+03    6.800000E+03    6.800000E+03
   6.800000E+03    6.800000E+03    6.800000E+03    6.800000E+03
   6.850000E+03    6.850000E+03    6.850000E+03    6.850000E+03
   6.850000E+03    6.850000E+03    6.850000E+03    6.850000E+03
   6.850000E+03    6.850000E+03    6.850000E+03    6.850000E+03
   6.850000E+03    6.850000E+03    6.850000E+03    6.850000E+03
   6.850000E+03    6.850000E+03    6.850000E+03    6.850000E+03
   6.850000E+03    6.850000E+03    6.850000E+03    6.850000E+03
   6.850000E+03    6.850000E+03    6.850000E+03    6.850000E+03
   6.850000E+03    6.850000E+03    6.850000E+03    6.850000E+03
   6.850000E+03    6.850000E+03    6.850000E+03    6.850000E+03
   6.850000E+03    6.850000E+03    6.850000E+03    6.850000E+03
   6.850000E+03    6.850000E+03    6.850000E+03    6.850000E+03
   6.850000E+03    6.850000E+03    6.850000E+03    6.850000E+03
   6.850000E+03    6.850000E+03    6.850000E+03    6.850000E+03
   6.850000E+03    6.850000E+03    6.900000E+03    6.900000E+03
   6.900000E+03    6.900000E+03    6.900000E+03    6.900000E+03
   6.900000E+03    6.900000E+03    6.900000E+03    6.900000E+03
   6.900000E+03    6.900000E+03    6.900000E+03    6.900000E+03
   6.900000E+03    6.900000E+03    6.900000E+03    6.900000E+03
   6.900000E+03    6.900000E+03    6.900000E+03    6.900000E+03
   6.900000E+03    6.900000E+03    6.900000E+03    6.900000E+03
   6.900000E+03    6.900000E+03    6.900000E+03    6.900000E+03
   6.900000E+03    6.900000E+03    6.900000E+03    6.900000E+03
   6.900000E+03    6.900000E+03    6.900000E+03    6.900000E+03
   6.900000E+03    6.900000E+03    6.900000E+03    6.900000E+03
   6.900000E+03    6.900000E+03    6.900000E+03    6.900000E+03
   6.900000E+03    6.900000E+03    6.900000E+03    6.900000E+03
   6.900000E+03    6.900000E+03    6.900000E+03    6.900000E+03


