XPERM1()=
   0.000000E+00    0.000000E+00    0.000000E+00    4.000000E-02
   8.000000E-02    0.000000E+00    0.000000E+00    0.000000E+00
   0.000000E+00    0.000000E+00    0.000000E+00    2.000000E-02
   1.000000E-02    0.000000E+00    0.000000E+00    0.000000E+00
   0.000000E+00    0.000000E+00    0.000000E+00    1.000000E-02
   1.000000E-02    0.000000E+00    0.000000E+00    0.000000E+00
   0.000000E+00    0.000000E+00    0.000000E+00    2.000000E-02
   3.000000E-02    0.000000E+00    0.000000E+00    0.000000E+00
   0.000000E+00    0.000000E+00    0.000000E+00    1.000000E-02
   2.000000E-02    0.000000E+00    0.000000E+00    0.000000E+00
   0.000000E+00    0.000000E+00    0.000000E+00    3.000000E-02
   4.000000E-02    0.000000E+00    0.000000E+00    0.000000E+00
   0.000000E+00    0.000000E+00    0.000000E+00    3.000000E-02
   1.000000E-02    0.000000E+00    0.000000E+00    0.000000E+00
   0.000000E+00    0.000000E+00    0.000000E+00    1.000000E-02
   1.000000E-02    0.000000E+00    0.000000E+00    0.000000E+00
   0.000000E+00    0.000000E+00    0.000000E+00    2.000000E-02
   3.000000E-02    0.000000E+00    0.000000E+00    0.000000E+00
   0.000000E+00    0.000000E+00    0.000000E+00    1.000000E-02
   2.000000E-02    0.000000E+00    0.000000E+00    0.000000E+00
   0.000000E+00    0.000000E+00    0.000000E+00    3.000000E-02
   3.000000E-02    0.000000E+00    0.000000E+00    0.000000E+00
   0.000000E+00    0.000000E+00    0.000000E+00    3.000000E-02
   2.000000E-02    0.000000E+00    0.000000E+00    0.000000E+00
   0.000000E+00    0.000000E+00    0.000000E+00    2.000000E-02
   2.000000E-02    0.000000E+00    0.000000E+00    0.000000E+00
   0.000000E+00    0.000000E+00    0.000000E+00    2.000000E-02
   4.000000E-02    0.000000E+00    0.000000E+00    0.000000E+00
   0.000000E+00    0.000000E+00    0.000000E+00    2.000000E-02
   2.000000E-02    0.000000E+00    0.000000E+00    0.000000E+00
   0.000000E+00    0.000000E+00    0.000000E+00    4.000000E-02
   3.000000E-02    0.000000E+00    0.000000E+00    0.000000E+00
   0.000000E+00    0.000000E+00    0.000000E+00    4.000000E-02
   2.000000E-02    0.000000E+00    0.000000E+00    0.000000E+00
   0.000000E+00    0.000000E+00    0.000000E+00    3.000000E-02
   3.000000E-02    0.000000E+00    0.000000E+00    0.000000E+00
   0.000000E+00    0.000000E+00    0.000000E+00    4.000000E-02
   8.000000E-02    0.000000E+00    0.000000E+00    0.000000E+00
   0.000000E+00    0.000000E+00    0.000000E+00    3.000000E-02
   3.000000E-02    0.000000E+00    0.000000E+00    0.000000E+00
   0.000000E+00    0.000000E+00    0.000000E+00    3.000000E-02
   3.000000E-02    0.000000E+00    0.000000E+00    0.000000E+00
   0.000000E+00    0.000000E+00    0.000000E+00    3.000000E-02
   2.000000E-02    0.000000E+00    0.000000E+00    0.000000E+00
   0.000000E+00    0.000000E+00    0.000000E+00    3.000000E-02
   3.000000E-02    0.000000E+00    0.000000E+00    0.000000E+00
   0.000000E+00    0.000000E+00    0.000000E+00    7.000000E-02
   2.300000E-01    0.000000E+00    0.000000E+00    0.000000E+00
   0.000000E+00    0.000000E+00    0.000000E+00    2.000000E-02
   4.000000E-02    0.000000E+00    0.000000E+00    0.000000E+00

YPERM1()=
   0.000000E+00    0.000000E+00    0.000000E+00    1.000000E-01
   8.000000E-02    0.000000E+00    0.000000E+00    0.000000E+00
   0.000000E+00    0.000000E+00    0.000000E+00    7.000000E-02
   2.000000E-02    0.000000E+00    0.000000E+00    0.000000E+00
   0.000000E+00    0.000000E+00    0.000000E+00    1.000000E-02
   2.000000E-02    0.000000E+00    0.000000E+00    0.000000E+00
   0.000000E+00    0.000000E+00    0.000000E+00    5.000000E-02
   8.000000E-02    0.000000E+00    0.000000E+00    0.000000E+00
   0.000000E+00    0.000000E+00    0.000000E+00    3.000000E-02
   4.000000E-02    0.000000E+00    0.000000E+00    0.000000E+00
   0.000000E+00    0.000000E+00    0.000000E+00    9.000000E-02
   1.400000E-01    0.000000E+00    0.000000E+00    0.000000E+00
   0.000000E+00    0.000000E+00    0.000000E+00    1.100000E-01
   2.000000E-02    0.000000E+00    0.000000E+00    0.000000E+00
   0.000000E+00    0.000000E+00    0.000000E+00    2.000000E-02
   2.000000E-02    0.000000E+00    0.000000E+00    0.000000E+00
   0.000000E+00    0.000000E+00    0.000000E+00    7.000000E-02
   7.000000E-02    0.000000E+00    0.000000E+00    0.000000E+00
   0.000000E+00    0.000000E+00    0.000000E+00    2.000000E-02
   5.000000E-02    0.000000E+00    0.000000E+00    0.000000E+00
   0.000000E+00    0.000000E+00    0.000000E+00    6.000000E-02
   6.000000E-02    0.000000E+00    0.000000E+00    0.000000E+00
   0.000000E+00    0.000000E+00    0.000000E+00    1.300000E-01
   3.000000E-02    0.000000E+00    0.000000E+00    0.000000E+00
   0.000000E+00    0.000000E+00    0.000000E+00    3.000000E-02
   3.000000E-02    0.000000E+00    0.000000E+00    0.000000E+00
   0.000000E+00    0.000000E+00    0.000000E+00    7.000000E-02
   1.400000E-01    0.000000E+00    0.000000E+00    0.000000E+00
   0.000000E+00    0.000000E+00    0.000000E+00    3.000000E-02
   7.000000E-02    0.000000E+00    0.000000E+00    0.000000E+00
   0.000000E+00    0.000000E+00    0.000000E+00    1.500000E-01
   7.000000E-02    0.000000E+00    0.000000E+00    0.000000E+00
   0.000000E+00    0.000000E+00    0.000000E+00    2.300000E-01
   5.000000E-02    0.000000E+00    0.000000E+00    0.000000E+00
   0.000000E+00    0.000000E+00    0.000000E+00    8.000000E-02
   5.000000E-02    0.000000E+00    0.000000E+00    0.000000E+00
   0.000000E+00    0.000000E+00    0.000000E+00    1.800000E-01
   3.300000E-01    0.000000E+00    0.000000E+00    0.000000E+00
   0.000000E+00    0.000000E+00    0.000000E+00    6.000000E-02
   1.000000E-01    0.000000E+00    0.000000E+00    0.000000E+00
   0.000000E+00    0.000000E+00    0.000000E+00    1.500000E-01
   1.800000E-01    0.000000E+00    0.000000E+00    0.000000E+00
   0.000000E+00    0.000000E+00    0.000000E+00    2.200000E-01
   5.000000E-02    0.000000E+00    0.000000E+00    0.000000E+00
   0.000000E+00    0.000000E+00    0.000000E+00    7.000000E-02
   9.000000E-02    0.000000E+00    0.000000E+00    0.000000E+00
   0.000000E+00    0.000000E+00    0.000000E+00    2.700000E-01
   6.100000E-01    0.000000E+00    0.000000E+00    0.000000E+00
   0.000000E+00    0.000000E+00    0.000000E+00    4.000000E-02
   2.400000E-01    0.000000E+00    0.000000E+00    0.000000E+00

ZPERM1()=
   0.000000E+00    0.000000E+00    0.000000E+00    1.200000E-01
   2.600000E-01    0.000000E+00    0.000000E+00    0.000000E+00
   0.000000E+00    0.000000E+00    0.000000E+00    7.000000E-02
   2.000000E-02    0.000000E+00    0.000000E+00    0.000000E+00
   0.000000E+00    0.000000E+00    0.000000E+00    2.000000E-02
   2.000000E-02    0.000000E+00    0.000000E+00    0.000000E+00
   0.000000E+00    0.000000E+00    0.000000E+00    7.000000E-02
   7.000000E-02    0.000000E+00    0.000000E+00    0.000000E+00
   0.000000E+00    0.000000E+00    0.000000E+00    3.000000E-02
   3.000000E-02    0.000000E+00    0.000000E+00    0.000000E+00
   0.000000E+00    0.000000E+00    0.000000E+00    1.000000E-01
   1.200000E-01    0.000000E+00    0.000000E+00    0.000000E+00
   0.000000E+00    0.000000E+00    0.000000E+00    1.000000E-01
   2.000000E-02    0.000000E+00    0.000000E+00    0.000000E+00
   0.000000E+00    0.000000E+00    0.000000E+00    2.000000E-02
   3.000000E-02    0.000000E+00    0.000000E+00    0.000000E+00
   0.000000E+00    0.000000E+00    0.000000E+00    1.100000E-01
   7.000000E-02    0.000000E+00    0.000000E+00    0.000000E+00
   0.000000E+00    0.000000E+00    0.000000E+00    2.000000E-02
   5.000000E-02    0.000000E+00    0.000000E+00    0.000000E+00
   0.000000E+00    0.000000E+00    0.000000E+00    6.000000E-02
   8.000000E-02    0.000000E+00    0.000000E+00    0.000000E+00
   0.000000E+00    0.000000E+00    0.000000E+00    1.600000E-01
   3.000000E-02    0.000000E+00    0.000000E+00    0.000000E+00
   0.000000E+00    0.000000E+00    0.000000E+00    3.000000E-02
   3.000000E-02    0.000000E+00    0.000000E+00    0.000000E+00
   0.000000E+00    0.000000E+00    0.000000E+00    9.000000E-02
   1.400000E-01    0.000000E+00    0.000000E+00    0.000000E+00
   0.000000E+00    0.000000E+00    0.000000E+00    3.000000E-02
   7.000000E-02    0.000000E+00    0.000000E+00    0.000000E+00
   0.000000E+00    0.000000E+00    0.000000E+00    1.800000E-01
   8.000000E-02    0.000000E+00    0.000000E+00    0.000000E+00
   0.000000E+00    0.000000E+00    0.000000E+00    2.900000E-01
   5.000000E-02    0.000000E+00    0.000000E+00    0.000000E+00
   0.000000E+00    0.000000E+00    0.000000E+00    9.000000E-02
   1.100000E-01    0.000000E+00    0.000000E+00    0.000000E+00
   0.000000E+00    0.000000E+00    0.000000E+00    2.100000E-01
   2.900000E-01    0.000000E+00    0.000000E+00    0.000000E+00
   0.000000E+00    0.000000E+00    0.000000E+00    6.000000E-02
   1.100000E-01    0.000000E+00    0.000000E+00    0.000000E+00
   0.000000E+00    0.000000E+00    0.000000E+00    1.700000E-01
   1.600000E-01    0.000000E+00    0.000000E+00    0.000000E+00
   0.000000E+00    0.000000E+00    0.000000E+00    1.500000E-01
   5.000000E-02    0.000000E+00    0.000000E+00    0.000000E+00
   0.000000E+00    0.000000E+00    0.000000E+00    1.100000E-01
   1.100000E-01    0.000000E+00    0.000000E+00    0.000000E+00
   0.000000E+00    0.000000E+00    0.000000E+00    2.500000E-01
   9.100000E-01    0.000000E+00    0.000000E+00    0.000000E+00
   0.000000E+00    0.000000E+00    0.000000E+00    6.000000E-02
   2.500000E-01    0.000000E+00    0.000000E+00    0.000000E+00

POROSITY1()=
   0.000000E+00    0.000000E+00    0.000000E+00    1.583000E-01
   1.678000E-01    0.000000E+00    0.000000E+00    0.000000E+00
   0.000000E+00    0.000000E+00    0.000000E+00    1.656000E-01
   1.528000E-01    0.000000E+00    0.000000E+00    0.000000E+00
   0.000000E+00    0.000000E+00    0.000000E+00    1.182000E-01
   1.467000E-01    0.000000E+00    0.000000E+00    0.000000E+00
   0.000000E+00    0.000000E+00    0.000000E+00    1.136000E-01
   1.537000E-01    0.000000E+00    0.000000E+00    0.000000E+00
   0.000000E+00    0.000000E+00    0.000000E+00    1.012000E-01
   1.351000E-01    0.000000E+00    0.000000E+00    0.000000E+00
   0.000000E+00    0.000000E+00    0.000000E+00    1.598000E-01
   1.602000E-01    0.000000E+00    0.000000E+00    0.000000E+00
   0.000000E+00    0.000000E+00    0.000000E+00    1.660000E-01
   1.464000E-01    0.000000E+00    0.000000E+00    0.000000E+00
   0.000000E+00    0.000000E+00    0.000000E+00    1.202000E-01
   1.459000E-01    0.000000E+00    0.000000E+00    0.000000E+00
   0.000000E+00    0.000000E+00    0.000000E+00    1.171000E-01
   1.593000E-01    0.000000E+00    0.000000E+00    0.000000E+00
   0.000000E+00    0.000000E+00    0.000000E+00    1.033000E-01
   1.334000E-01    0.000000E+00    0.000000E+00    0.000000E+00
   0.000000E+00    0.000000E+00    0.000000E+00    1.631000E-01
   1.509000E-01    0.000000E+00    0.000000E+00    0.000000E+00
   0.000000E+00    0.000000E+00    0.000000E+00    1.689000E-01
   1.455000E-01    0.000000E+00    0.000000E+00    0.000000E+00
   0.000000E+00    0.000000E+00    0.000000E+00    1.246000E-01
   1.529000E-01    0.000000E+00    0.000000E+00    0.000000E+00
   0.000000E+00    0.000000E+00    0.000000E+00    1.149000E-01
   1.640000E-01    0.000000E+00    0.000000E+00    0.000000E+00
   0.000000E+00    0.000000E+00    0.000000E+00    1.075000E-01
   1.396000E-01    0.000000E+00    0.000000E+00    0.000000E+00
   0.000000E+00    0.000000E+00    0.000000E+00    1.712000E-01
   1.455000E-01    0.000000E+00    0.000000E+00    0.000000E+00
   0.000000E+00    0.000000E+00    0.000000E+00    1.714000E-01
   1.422000E-01    0.000000E+00    0.000000E+00    0.000000E+00
   0.000000E+00    0.000000E+00    0.000000E+00    1.371000E-01
   1.650000E-01    0.000000E+00    0.000000E+00    0.000000E+00
   0.000000E+00    0.000000E+00    0.000000E+00    1.262000E-01
   1.782000E-01    0.000000E+00    0.000000E+00    0.000000E+00
   0.000000E+00    0.000000E+00    0.000000E+00    1.208000E-01
   1.462000E-01    0.000000E+00    0.000000E+00    0.000000E+00
   0.000000E+00    0.000000E+00    0.000000E+00    1.683000E-01
   1.609000E-01    0.000000E+00    0.000000E+00    0.000000E+00
   0.000000E+00    0.000000E+00    0.000000E+00    1.568000E-01
   1.403000E-01    0.000000E+00    0.000000E+00    0.000000E+00
   0.000000E+00    0.000000E+00    0.000000E+00    1.362000E-01
   1.694000E-01    0.000000E+00    0.000000E+00    0.000000E+00
   0.000000E+00    0.000000E+00    0.000000E+00    1.407000E-01
   1.868000E-01    0.000000E+00    0.000000E+00    0.000000E+00
   0.000000E+00    0.000000E+00    0.000000E+00    1.174000E-01
   1.602000E-01    0.000000E+00    0.000000E+00    0.000000E+00


