NX(1)=  34     NY(1)=  14      NZ(1)=   3
   XC1()=
 6139.0960    6376.9402    6517.9001    6584.6989    6603.8251    6628.8525   
 6664.5416    6741.2534    6813.7948    6879.2263    6940.4414    6946.9581   
 6957.2476    6969.9249    6983.3168    7000.5361    7023.1569    7031.4663   
 7042.2333    7053.9751    7171.8912    7287.1895    7398.6882    7409.7768   
 7420.9132    7432.1682    7617.1234    7805.6300    7990.4813    8014.7192   
 8046.4282    8088.9652    8174.6469    8376.4818    8561.6030    5799.2359   
 6061.9405    6241.2234    6329.9010    6345.3715    6371.3485    6418.9572   
 6492.1159    6568.9776    6635.7585    6684.5829    6692.8594    6702.4642   
 6712.0914    6735.1234    6758.8711    6789.7718    6796.6139    6806.6272   
 6819.0136    6922.5908    7040.8585    7161.9900    7177.9413    7191.4021   
 7202.6775    7405.5702    7589.6574    7734.0598    7769.7900    7815.1384   
 7864.1299    7986.2013    8172.3806    8433.4417    5460.1107    5764.9849   
 5968.0752    6068.9483    6087.2951    6112.9357    6154.1623    6226.4396   
 6300.7323    6361.8185    6411.6001    6418.1639    6427.5724    6439.9777   
 6468.4230    6496.0579    6542.6778    6548.5038    6557.7095    6573.3509   
 6691.2636    6821.0584    6955.5974    6971.4011    6986.7584    7000.7779   
 7200.8441    7384.9568    7550.0678    7607.4685    7650.7098    7713.3574   
 7837.4857    8030.2831    8294.0707    5136.6288    5478.3796    5698.4916   
 5801.8730    5823.3761    5848.1549    5877.4949    5946.2603    6009.8484   
 6063.7771    6113.6489    6123.7292    6134.1443    6145.1760    6182.9508   
 6230.8192    6293.7485    6303.9174    6314.7865    6325.9722    6476.7996   
 6624.9986    6773.2185    6789.2960    6805.2612    6821.1118    7011.0529   
 7204.5083    7413.9524    7460.9754    7515.0370    7604.9629    7727.3366   
 7902.2896    8135.0690    4782.9260    5150.1129    5387.5731    5507.6254   
 5526.6318    5544.2631    5559.4510    5614.1255    5670.4509    5721.9329   
 5767.7902    5775.9814    5784.9688    5794.7092    5856.8257    5927.1089   
 6007.1709    6016.0733    6026.0132    6038.0702    6202.6549    6365.0079   
 6528.9029    6541.2931    6557.0767    6576.1111    6763.8078    6980.9057   
 7227.8460    7281.6809    7350.3818    7439.7563    7551.7112    7721.1977   
 7936.0616    4457.8022    4808.3269    5038.3946    5151.9271    5162.2204   
 5177.0138    5196.5501    5256.6820    5318.3806    5375.9629    5426.1782   
 5437.9728    5447.1283    5454.5734    5544.6428    5644.1721    5734.0488   
 5740.9879    5751.7858    5765.4840    5918.2735    6079.5499    6247.6495   
 6263.4298    6281.9051    6302.8419    6504.5764    6748.0308    7033.9079   
 7095.9489    7141.3880    7224.4530    7341.3723    7510.4818    7725.2918   
 4125.3867    4432.7346    4633.3620    4720.8164    4740.4270    4759.1347   
 4776.7225    4860.7363    4937.1272    5005.4570    5070.2827    5081.1259   
 5091.3903    5101.5420    5208.9345    5321.4743    5428.4809    5438.9967   
 5448.9687    5458.5962    5588.4917    5726.6680    5865.5464    5887.7001   
 5912.4167    5938.4467    6191.5027    6477.6624    6795.6103    6846.9331   
 6902.8495    6977.5419    7079.3739    7242.7630    7477.6080    3732.2401   
 4005.6938    4192.7613    4274.9788    4296.4102    4319.8708    4344.5502   
 4442.0526    4525.9065    4597.3721    4666.4627    4681.3974    4691.8141   
 4698.7140    4811.6125    4924.5989    5036.8211    5044.4633    5054.7934   
 5067.3340    5182.3119    5305.5615    5431.5245    5453.9456    5478.6461   
 5508.7262    5777.8690    6072.8785    6404.1575    6468.2969    6525.7836   
 6572.3447    6672.3335    6845.1919    7082.4473    3261.2257    3546.4944   
 3734.9677    3830.8246    3854.2906    3883.5269    3919.7261    4014.7610   
 4100.7948    4174.5720    4245.0033    4254.6175    4264.6928    4275.1827   
 4376.1157    4480.5847    4588.0892    4597.7784    4607.5021    4617.2701   
 4734.3420    4862.5091    5002.3836    5019.2213    5037.2500    5056.4012   
 5306.3231    5568.4274    5850.5280    5888.2274    5937.7621    5998.4557   
 6138.7251    6348.0073    6634.2052    2816.2320    3059.3209    3228.6570   
 3320.5386    3337.3005    3365.0049    3414.5645    3509.1486    3600.9523   
 3668.8746    3730.9514    3738.0504    3747.0958    3758.5797    3868.9562   
 3986.8551    4106.7585    4117.8034    4127.6705    4136.2289    4265.2407   
 4395.6501    4530.0609    4538.6768    4549.1412    4556.7243    4799.2396   
 5070.4035    5364.9874    5418.2889    5474.3925    5531.4035    5674.0097   
 5883.6933    6156.8388    2318.4806    2538.8382    2692.7955    2781.4194   
 2805.3388    2838.4341    2893.0873    2997.8565    3096.3919    3170.2086   
 3231.9791    3243.2545    3252.5167    3259.6803    3389.3446    3517.8905   
 3646.6314    3656.6222    3666.3742    3675.6813    3801.4592    3927.3900   
 4053.4416    4059.3730    4065.8785    4072.7850    4307.9593    4585.8620   
 4916.0109    4967.5751    5027.2488    5084.6893    5191.9483    5390.7579   
 5683.9313    1765.7852    1963.4629    2102.0059    2182.2126    2212.8040   
 2247.4707    2291.7781    2428.6731    2554.2474    2657.6354    2750.7676   
 2760.7679    2770.6488    2780.3053    2914.9629    3047.7198    3178.2456   
 3187.5858    3197.1467    3206.9704    3323.4732    3442.5534    3563.8814   
 3570.3558    3576.7791    3583.1775    3801.1452    4054.5911    4352.7934   
 4381.7383    4433.5274    4485.2266    4595.7692    4794.3427    5080.5206   
 1189.0639    1322.1037    1418.8296    1474.6170    1488.6712    1507.1336   
 1535.5750    1758.7782    1951.9192    2101.5454    2240.7713    2250.7041   
 2260.6009    2270.4832    2402.2086    2533.2131    2663.4033    2672.5208   
 2682.0127    2691.8640    2806.4653    2923.7880    3043.4285    3049.7479   
 3056.0977    3062.4677    3245.5727    3453.6943    3694.1359    3704.8394   
 3738.0227    3788.5702    3919.5890    4145.8161    4465.9192     578.9239   
  688.9779     763.1250     792.9222     806.8840     821.1336     847.1882   
 1106.6225    1334.2090    1521.8587    1697.3137    1708.7917    1718.2723   
 1725.7450    1853.5661    1977.4654    2099.1352    2107.8336    2116.4596   
 2125.0030    2232.6272    2343.6017    2458.1591    2463.8848    2469.7761   
 2475.8166    2621.6905    2801.6124    3013.4244    3034.9815    3070.2213   
 3113.6903    3266.2717    3521.5781    3884.8668      -1.1400     113.3276   
  192.2419     252.1240     257.3196     270.0677     311.9767     511.8114   
  726.7933     935.3984    1147.3466    1156.0302    1164.7249    1173.4317   
 1291.3768    1403.5851    1504.9935    1511.9200    1518.8625    1525.8534   
 1617.7166    1720.3825    1825.9666    1831.0469    1836.1500    1841.2724   
 1945.6484    2100.6661    2318.6970    2351.0832    2395.1379    2469.7615   
 2622.7963    2888.1796    3300.8742    6119.8339    6367.2257    6515.3218   
 6583.4297    6608.2199    6635.2598    6664.9853    6742.2862    6815.1866   
 6878.5959    6940.4425    6949.0168    6958.8856    6969.9883    6985.7308   
 7002.9185    7021.1690    7030.9905    7041.0134    7050.9770    7169.2837   
 7281.6148    7391.8657    7403.1493    7414.5325    7425.9728    7610.0701   
 7799.6364    7987.4740    8017.4350    8050.2196    8085.7522    8172.6056   
 8341.5371    8550.0873    5792.6916    6060.7532    6239.7933    6333.4378   
 6355.8679    6385.1675    6422.7940    6497.1518    6573.0410    6635.6629   
 6690.3728    6698.4083    6708.3252    6720.5477    6741.7579    6766.2533   
 6793.9066    6800.5914    6809.3044    6820.2726    6928.6072    7045.0297   
 7165.5752    7181.4662    7195.1531    7206.6077    7406.0740    7586.5401   
 7744.7018    7788.2741    7832.3478    7874.7042    7991.0252    8175.3410   
 8436.4590    5458.7966    5765.1853    5966.7261    6070.6980    6093.2710   
 6121.5112    6156.0968    6229.1575    6302.3921    6361.6860    6412.0639   
 6420.6535    6430.7167    6442.4454    6475.4854    6511.1975    6549.7038   
 6556.8385    6565.6786    6576.3263    6696.7298    6825.5494    6961.0221   
 6976.4652    6991.6448    7005.7932    7201.9438    7386.5285    7556.0854   
 7607.7529    7662.1290    7721.4937    7841.7363    8032.9930    8302.4512   
 5131.0205    5472.1612    5694.2966    5797.4678    5820.2874    5844.3003   
 5869.3476    5939.1679    6003.5599    6057.3333    6105.6531    6115.7614   
 6126.0762    6136.5857    6186.9321    6237.7470    6289.1690    6299.7541   
 6310.1211    6320.2866    6471.6277    6622.3733    6772.5268    6788.2861   
 6804.1348    6820.0880    7002.0102    7201.4849    7418.4300    7475.8856   
 7539.5705    7609.5388    7725.0258    7900.7678    8136.7359    4779.5140   
 5147.1416    5383.6556    5502.4066    5518.0926    5535.7876    5551.9733   
 5613.5992    5670.8586    5721.8378    5767.3180    5778.3961    5788.4888   
 5797.5329    5873.3766    5944.6089    6010.8750    6022.3801    6032.9627   
 6042.5567    6206.1386    6367.9421    6532.1880    6545.2582    6560.8920   
 6579.0854    6761.8995    6980.7240    7233.5708    7298.0799    7366.7392   
 7447.1899    7553.1697    7721.2657    7939.1468    4458.3518    4807.8580   
 5036.5393    5148.2209    5161.5245    5177.5179    5195.8713    5257.5415   
 5319.3009    5376.1077    5428.0515    5440.0050    5450.7926    5460.3147   
 5556.1117    5648.6266    5740.8362    5749.1181    5759.7556    5772.9364   
 5925.2188    6084.3056    6250.9555    6266.5348    6284.6510    6305.5686   
 6504.2305    6749.8078    7041.5071    7098.4512    7162.0767    7233.1875   
 7344.4088    7512.9843    7731.7233    4128.5619    4434.6172    4632.4997   
 4717.1023    4736.7352    4756.6662    4778.1694    4856.7714    4932.9955   
 5002.8054    5069.1040    5080.9427    5092.7512    5104.6453    5215.1977   
 5324.4690    5431.8548    5443.3558    5454.1590    5464.4735    5591.1809   
 5726.5797    5868.0996    5895.1651    5919.9075    5941.7499    6190.1280   
 6478.1175    6812.2259    6867.9333    6925.5764    6985.3827    7083.0364   
 7245.5409    7485.2559    3732.4499    4004.5115    4189.5445    4269.4760   
 4295.6392    4319.9214    4341.8031    4434.6467    4518.7558    4593.9390   
 4664.0209    4676.4583    4687.7487    4697.7896    4812.9222    4924.6508   
 5036.0345    5045.3306    5055.9257    5067.8571    5179.6224    5302.1551   
 5430.3964    5457.4565    5482.1990    5507.4183    5774.3617    6072.5892   
 6410.8808    6464.2408    6519.8654    6576.7225    6672.8244    6845.4167   
 7085.7320    3253.3998    3537.2337    3728.1224    3826.0152    3852.0842   
 3880.1086    3910.2945    4005.3891    4092.4729    4166.8457    4236.9011   
 4246.1974    4256.0220    4266.4005    4369.2252    4474.5034    4582.1702   
 4591.6550    4601.3962    4611.3897    4728.2294    4855.9143    4994.3705   
 5010.3590    5027.0291    5044.3875    5295.8061    5563.8401    5848.3718   
 5896.4375    5944.9482    5994.0617    6129.4758    6342.9945    6634.5840   
 2815.2177    3057.8794    3226.9270    3321.8043    3345.6248    3373.9354   
 3407.7121    3506.3537    3596.2905    3665.5540    3728.4108    3736.8292   
 3746.5416    3757.5952    3870.1850    3987.1823    4107.4653    4116.7238   
 4126.3806    4136.4166    4262.7126    4389.6168    4518.6449    4526.9578   
 4537.1460    4545.9219    4792.3328    5067.9755    5366.9463    5436.3596   
 5491.4719    5532.1977    5669.7474    5882.0387    6162.1943    2321.1893   
 2541.4852    2693.5897    2781.8533    2810.6640    2846.1647    2890.2943   
 2995.6519    3093.7210    3168.9848    3232.9471    3244.0209    3253.6947   
 3261.9692    3390.5447    3518.3428    3646.6226    3655.7359    3664.9498   
 3674.2703    3799.0369    3921.0143    4039.8549    4046.9770    4053.7318   
 4060.1931    4302.1485    4583.7036    4914.9935    4970.1631    5025.3143   
 5077.1759    5186.2881    5388.4720    5690.4888    1768.0251    1966.0220   
 2102.1617    2179.5554    2213.9987    2248.2350    2287.2732    2423.3389   
 2550.4343    2654.9996    2749.0747    2759.0665    2768.8079    2778.2986   
 2912.9155    3044.8851    3174.3121    3183.1036    3191.8566    3200.5666   
 3318.1564    3434.9676    3550.7607    3557.4637    3563.8949    3570.1116   
 3794.6693    4052.0997    4349.3338    4384.9877    4429.6652    4483.5000   
 4589.9138    4790.9956    5081.4011    1192.5354    1324.6193    1418.9828   
 1473.3241    1491.5343    1512.3945    1535.9667    1754.6247    1946.3318   
 2097.2165    2236.6264    2246.2701    2255.8303    2265.2983    2398.4683   
 2529.5165    2658.3635    2667.1787    2675.7947    2684.2031    2800.2598   
 2915.6798    3030.2188    3036.7535    3042.9788    3049.0499    3238.3090   
 3451.6162    3693.5373    3712.4955    3745.3433    3792.0951    3917.5656   
 4144.3977    4466.8098     579.2701     689.4052     759.7080     796.7137   
  810.1511     827.0735     846.6446    1103.7880    1330.4648    1517.7800   
 1692.1279    1702.6857    1711.7742    1719.3858    1848.8397    1972.9842   
 2092.7130    2101.3513    2109.2853    2116.4788    2225.4256    2334.8663   
 2445.0314    2451.1360    2456.9206    2462.5220    2614.7989    2798.9928   
 3012.0446    3044.9711    3080.6724    3117.0876    3264.3728    3519.8697   
 3884.5783      -4.3510     109.1411     193.3440     253.2351     262.2782   
  280.6328     310.0299     512.7572     727.6672     932.6828    1138.1884   
 1146.6743    1155.2837    1163.9686    1284.3890    1398.4728    1496.4410   
 1503.2330    1509.9512    1516.6166    1607.9837    1710.6819    1813.6647   
 1818.9899    1824.0619    1828.8156    1940.2958    2097.7738    2314.0703   
 2356.8703    2407.5141    2466.1113    2618.5240    2886.4125    3300.4839   
 6099.3601    6357.3192    6512.6237    6581.5802    6612.3845    6640.0137   
 6665.2330    6743.1930    6816.2715    6878.9544    6939.6284    6950.3087   
 6960.3151    6969.5069    6987.6888    7004.6992    7020.2463    7030.7915   
 7040.6549    7049.6723    7168.2426    7278.2842    7385.7512    7397.4090   
 7409.1178    7420.7618    7604.1196    7793.6499    7984.0736    8019.6034   
 8052.6677    8082.9939    8170.3194    8335.6306    8541.8864    5786.5446   
 6059.8556    6241.8507    6337.9288    6365.6622    6395.8088    6427.0845   
 6501.9230    6577.7075    6641.6108    6698.5376    6707.9549    6718.1571   
 6728.8435    6754.6898    6778.7327    6801.5327    6808.5083    6816.5676   
 6825.2390    6934.1818    7049.8140    7168.5114    7184.5278    7198.2807   
 7209.7558    7407.4513    7589.8750    7751.8189    7802.6452    7845.5364   
 7881.3666    7994.1564    8178.1504    8441.1771    5457.7772    5765.2375   
 5967.7576    6073.6325    6100.5235    6129.1852    6158.6450    6231.6686   
 6304.6201    6364.9643    6417.2686    6426.7841    6437.0570    6447.9981   
 6489.6137    6525.5011    6556.1337    6563.5706    6571.7938    6580.4083   
 6701.6240    6830.5425    6965.8405    6981.0533    6996.1692    7010.4644   
 7203.3820    7390.4609    7568.4215    7626.7489    7679.7100    7729.2707   
 7845.1447    8036.4405    8310.9775    5125.6930    5466.1200    5688.3579   
 5792.4683    5816.6146    5840.0720    5862.7287    5933.1107    5997.3121   
 6049.8395    6096.2660    6106.8355    6117.0387    6126.8945    6192.4833   
 6244.9929    6284.8618    6295.9876    6306.3042    6315.8083    6468.1598   
 6620.0564    6771.5140    6787.0922    6802.8337    6818.7413    6995.7336   
 7197.4162    7423.7416    7491.9324    7555.1814    7613.5054    7723.4066   
 7898.3551    8138.3676    4776.6224    5143.5830    5379.2391    5497.3723   
 5513.6087    5531.2656    5546.5843    5611.2295    5670.0817    5720.6690   
 5765.3337    5776.8204    5786.9329    5795.7280    5885.8787    5959.0695   
 6014.7382    6027.0208    6037.5590    6046.5872    6209.2232    6371.2036   
 6536.5461    6549.5007    6564.9777    6582.9859    6760.9850    6981.1976   
 7241.4739    7310.7911    7378.7598    7453.0032    7554.6501    7722.0886   
 7942.5406    4458.8009    4807.2160    5034.2816    5143.8495    5157.9781   
 5174.1930    5192.0271    5255.9792    5319.3300    5376.8562    5429.1911   
 5441.7696    5452.6467    5461.9170    5566.2344    5660.5615    5747.9608   
 5756.9127    5767.6461    5779.9762    5931.1857    6089.8847    6257.0025   
 6272.2370    6289.7941    6309.8006    6504.8036    6752.0422    7050.7320   
 7116.0287    7178.9185    7240.4309    7347.2357    7515.6590    7738.5129   
 4131.2339    4436.9234    4632.6840    4713.5278    4733.8255    4753.2736   
 4772.9811    4851.9351    4928.9711    5000.4006    5068.2710    5080.7441   
 5092.6487    5104.1150    5218.3981    5329.2994    5436.1381    5448.4221   
 5459.4055    5469.3012    5593.8963    5728.9322    5871.7061    5899.9085   
 5923.8169    5943.5881    6189.2844    6479.9246    6821.6965    6885.8674   
 6943.5063    6994.7028    7086.9004    7249.1038    7494.1577    3732.8047   
 4004.1973    4187.8920    4264.6517    4292.1969    4315.3892    4334.6924   
 4427.4235    4512.2978    4588.4663    4659.3528    4672.2439    4683.6023   
 4693.4378    4812.0210    4925.2096    5036.0220    5045.5120    5056.1982   
 5068.0771    5177.3775    5299.4371    5428.9255    5457.7270    5481.7065   
 5504.3655    5770.6525    6071.8457    6415.9637    6475.9534    6531.8739   
 6582.1783    6674.1209    6846.5539    7090.6116    3245.2874    3529.1334   
 3720.7075    3820.0006    3848.9889    3876.1205    3901.4769    3997.8671   
 4085.3958    4159.0530    4227.6942    4237.2080    4247.0394    4257.1780   
 4362.2559    4468.4605    4575.7902    4585.4232    4595.1839    4605.0679   
 4721.7794    4848.5668    4985.3709    5001.0858    5016.9292    5032.8784   
 5286.8136    5557.8346    5845.5024    5908.0664    5956.1748    5990.3549   
 6123.1610    6337.9723    6634.7845    2814.0969    3056.4029    3226.1694   
 3324.4036    3351.9225    3379.7500    3406.7217    3504.1015    3592.8613   
 3662.7228    3726.5576    3735.0308    3744.7872    3755.8615    3869.8273   
 3987.3091    4106.9636    4116.2519    4125.9106    4135.9327    4260.3959   
 4384.2687    4509.2702    4517.6254    4527.4993    4535.7125    4785.8455   
 5065.4551    5365.1806    5451.0461    5505.6025    5534.7075    5666.4915   
 5880.7413    6166.7393    2324.1898    2543.5393    2695.1570    2784.1077   
 2816.7462    2850.7567    2885.5436    2993.0830    3091.5694    3168.0396   
 3233.8749    3244.9892    3254.6949    3262.9960    3391.4011    3518.7021   
 3646.0231    3655.2170    3664.4198    3673.6454    3796.7810    3915.3948   
 4029.2528    4036.6527    4043.3852    4049.0423    4296.6144    4581.4595   
 4914.7730    4981.9666    5036.9266    5074.2133    5182.2372    5386.5181   
 5696.6523    1770.5076    1968.0114    2102.6164    2177.5387    2216.2792   
 2249.5340    2282.1781    2419.1161    2546.9376    2652.4599    2747.3243   
 2757.4526    2767.1926    2776.5527    2910.6968    3041.6751    3169.6286   
 3178.7689    3187.5201    3195.8720    3313.2733    3427.7487    3539.1756   
 3546.1207    3552.5541    3558.0747    3788.3952    4048.9769    4347.3138   
 4392.4830    4436.7115    4478.4485    4584.8503    4787.5815    5082.2747   
 1195.9739    1326.3336    1418.6335    1470.1810    1493.0447    1515.5238   
 1537.3823    1751.3530    1941.2639    2092.9326    2232.3330    2242.0692   
 2251.6256    2260.9945    2394.9276    2525.4831    2652.5497    2661.7908   
 2670.4117    2678.3989    2794.6141    2907.9242    3018.2229    3024.9994   
 3031.2204    3036.5495    3231.0787    3448.7899    3695.1430    3719.8654   
 3752.2266    3791.3258    3915.0304    4142.1806    4467.5043     579.8313   
  689.5187     758.5039     793.6231     811.6839     830.0090     848.2518   
 1101.7742    1326.8335    1513.6826    1686.8709    1697.4676    1706.5457   
 1714.1136    1844.9552    1968.6923    2086.0834    2095.0109    2102.8792   
 2109.6530    2218.8302    2326.4628    2432.8519    2439.2703    2445.0971   
 2450.1417    2607.7271    2795.6751    3009.5045    3052.0011    3088.0407   
 3118.4243    3262.1884    3517.4737    3884.2045      -7.4095     104.6080   
  193.1093     254.8973     267.4446     285.7685     310.1103     513.8986   
  728.7160     930.5874    1132.0694    1140.4735    1149.0911    1157.8038   
 1280.0583    1394.3899    1488.5079    1495.1497    1501.6800    1508.0930   
 1598.5706    1701.0563    1801.8840    1807.5279    1812.6965    1817.4646   
 1934.9544    2093.9193    2308.6184    2363.6778    2414.9856    2462.9398   
 2614.5263    2883.9320    3300.0024    6079.2160    6346.8625    6510.0497   
 6579.0713    6616.0526    6643.9780    6665.4007    6743.1715    6816.9911   
 6883.1421    6937.9167    6951.0078    6961.0962    6968.4380    6988.7563   
 7006.3071    7019.9625    7031.2923    7040.8976    7049.3457    7167.6717   
 7276.0655    7380.4190    7392.3792    7404.4670    7416.4361    7598.5838   
 7783.5354    7980.1473    8020.7713    8054.4627    8080.9825    8167.8150   
 8339.4111    8536.7195    5780.6294    6058.5660    6244.3947    6341.8816   
 6380.8716    6411.4907    6431.5421    6499.3782    6582.0275    6649.0618   
 6711.4196    6724.2753    6732.1317    6739.2098    6775.2888    6796.7688   
 6811.7245    6820.3479    6827.0124    6831.6622    6936.3988    7055.9645   
 7170.6257    7186.7787    7200.7494    7212.2090    7410.3630    7594.3532   
 7758.6617    7820.1957    7858.6219    7884.9706    7995.8024    8181.2892   
 8447.2630    5457.0805    5765.1215    5968.5235    6077.4301    6111.6649   
 6141.5216    6162.0192    6233.8274    6308.2559    6369.1722    6423.9646   
 6431.2926    6441.0267    6454.2573    6509.4041    6544.4169    6563.5507   
 6573.5084    6580.7680    6585.6670    6704.3194    6837.1438    6968.9140   
 6982.9908    6998.6274    7013.8368    7206.2667    7395.9703    7579.7083   
 7650.0869    7700.3422    7743.1451    7846.3399    8040.2933    8323.1710   
 5120.8682    5461.5380    5680.9339    5787.0204    5812.1863    5835.7314   
 5857.6400    5926.4576    5991.6933    6040.5796    6086.5242    6096.8582   
 6107.1771    6117.0510    6205.0528    6250.4750    6280.8718    6292.8497   
 6303.2673    6312.6491    6465.7415    6618.4452    6770.2664    6785.7161   
 6801.3569    6817.1940    6990.1107    7192.8165    7429.9216    7514.1144   
 7566.6057    7617.0062    7722.3235    7895.4787    8139.9545    4774.4895   
 5140.3337    5373.8008    5491.7539    5506.8299    5522.0044    5538.4040   
 5603.0323    5668.4393    5717.7832    5761.8184    5773.8623    5783.6837   
 5790.2638    5904.2970    5964.8806    6018.9272    6029.8223    6040.1932   
 6050.2088    6210.9713    6374.2168    6541.9216    6553.8451    6569.2359   
 6587.9464    6760.4908    6982.9032    7253.9721    7327.1845    7393.4998   
 7457.0810    7556.1238    7723.3715    7946.9223    4459.1956    4812.5549   
 5031.2646    5139.3981    5150.8843    5166.3852    5185.0901    5252.7695   
 5318.6513    5377.3346    5429.7230    5439.8190    5449.4255    5458.4086   
 5579.0886    5679.0549    5758.7340    5768.1154    5777.9156    5787.1469   
 5936.5145    6097.2655    6265.5375    6279.6980    6296.3128    6315.5259   
 6505.5062    6755.4277    7060.1410    7138.8235    7199.4160    7253.2951   
 7349.8992    7518.8793    7745.6859    4133.3127    4441.4846    4634.5638   
 4710.6733    4729.4791    4746.8191    4762.5444    4846.3392    4925.6459   
 4999.0808    5067.9375    5080.5609    5090.9539    5099.8504    5219.1222   
 5336.4761    5441.1814    5453.0699    5463.7812    5472.9328    5596.2821   
 5733.2864    5877.1345    5906.7488    5929.2156    5944.8254    6188.6514   
 6482.8682    6833.5001    6908.2737    6946.0059    7001.6859    7090.9414   
 7253.0471    7502.8702    3734.6001    4004.9172    4188.3029    4259.8366   
 4291.2034    4311.4017    4323.9093    4420.2133    4506.8041    4583.2108   
 4653.9654    4667.2215    4677.7560    4685.9711    4809.7079    4926.8726   
 5037.0493    5046.0024    5056.4150    5067.9264    5175.2615    5297.7364   
 5426.2290    5458.6867    5481.3561    5500.0784    5767.1809    6072.0287   
 6427.8814    6493.4459    6548.7844    6590.7277    6670.0581    6848.2264   
 7098.9136    3237.3574    3522.7794    3712.5404    3813.1162    3844.7733   
 3871.2429    3893.9766    3992.0576    4079.5638    4151.2699    4217.8514   
 4227.6584    4237.7302    4248.0949    4355.4329    4462.2333    4569.3453   
 4579.0798    4588.8642    4598.7014    4715.3143    4840.3336    4975.7342   
 4991.3706    5006.8914    5022.3127    5277.5863    5550.4142    5843.3062   
 5933.5102    5969.1072    5987.6116    6119.2688    6332.6334    6635.0164   
 2813.0712    3054.9258    3226.4572    3328.0827    3355.7606    3383.0458   
 3410.2546    3502.0228    3590.3432    3660.1973    3725.4631    3732.9912   
 3742.2425    3753.3392    3868.3879    3986.7365    4106.1234    4116.4303   
 4126.2364    4135.5872    4258.2055    4379.6266    4500.9082    4510.4881   
 4519.9314    4526.7622    4779.3539    5062.3889    5368.8128    5448.5854   
 5510.1171    5536.7230    5664.3819    5879.5773    6170.9784    2328.0887   
 2545.4726    2697.5728    2786.7846    2822.3230    2851.7896    2885.0112   
 2990.2683    3089.8802    3167.2358    3234.7438    3245.9308    3255.2487   
 3262.6934    3391.3521    3518.1388    3645.2811    3654.6628    3664.3293   
 3674.3534    3794.5740    3910.2886    4020.8039    4028.2736    4034.7074   
 4040.0946    4291.1635    4578.9406    4914.3623    4999.0289    5053.1825   
 5072.9352    5179.9221    5384.8512    5702.4828    1773.6851    1969.6661   
 2103.4277    2176.0063    2216.3055    2248.5428    2276.4888    2415.2619   
 2544.0270    2650.1834    2745.9089    2756.0993    2765.9307    2775.4461   
 2908.2983    3037.8514    3164.4006    3174.5166    3184.0750    3193.0920   
 3308.7983    3420.9099    3529.4396    3536.3286    3542.7602    3548.7455   
 3782.4015    4045.0950    4346.4162    4403.4828    4447.0581    4473.6797   
 4580.6385    4783.6898    5083.1463    1199.5193    1327.5224    1417.9634   
 1466.7913    1495.0677    1518.2822    1535.4965    1748.3064    1936.7634   
 2088.6809    2227.9194    2238.0008    2247.8887    2257.5635    2391.4780   
 2521.0561    2646.2664    2656.3612    2665.8683    2674.7878    2789.5324   
 2900.5363    3007.6657    3014.5136    3020.8494    3026.6698    3223.9186   
 3444.9999    3694.4216    3729.9884    3761.0656    3791.2336    3911.8982   
 4139.1212    4467.8719     580.5130     689.1729     757.8994     791.5468   
  810.2436     831.0996     845.9336    1099.7847    1323.5285    1509.7819   
 1681.6839    1693.1959    1702.6412    1710.0456    1841.9531    1964.6270   
 2079.4577    2088.7839    2097.2095    2104.6986    2212.7404    2318.3194   
 2421.7231    2428.2332    2434.2507    2439.7698    2600.4947    2791.3342   
 3001.7576    3059.9269    3096.1555    3115.7956    3259.5298    3515.0459   
 3883.6317     -10.4140      98.6700     195.2083     257.0915     271.6117   
  289.2410     309.8420     513.6051     729.2903     929.1706    1130.6761   
 1139.2688    1147.8962    1156.5495    1279.7897    1391.9676    1481.7946   
 1488.1632    1494.5387    1500.9094    1589.8270    1691.9787    1791.3925   
 1796.9411    1802.3855    1807.8330    1929.6389    2088.6509    2303.3228   
 2370.4607    2421.3986    2460.3740    2611.3449    2880.9932    3299.4356   

   YC1()=
   68.8237     232.9051     371.2177     455.4076     483.5574     521.6424   
  573.7676     670.5887     754.4094     826.6848     892.7249     899.6021   
  910.3501     923.5260     937.3519     955.0126     978.1993     986.7045   
  997.7395    1009.9825    1138.3764    1280.8885    1434.1488    1449.0998   
 1464.0827    1479.0811    1710.2571    1907.9501    2087.8057    2108.2681   
 2134.8923    2171.2773    2247.0827    2431.1172    2835.9988     223.1711   
  479.1701     654.4807     755.2631     775.4589     810.2569     865.9042   
  939.5148    1013.7905    1077.8200    1141.8674    1148.8154    1161.3609   
 1178.9468    1196.3657    1222.2775    1254.5364    1265.4502    1275.9114   
 1285.6080    1418.9318    1554.6228    1695.8158    1711.9394    1725.4834   
 1735.9751    1945.2763    2144.5118    2356.4020    2398.6796    2443.1848   
 2488.3254    2581.9986    2777.2512    3080.9250     380.3663     700.0256   
  903.7261    1012.4453    1031.7162    1061.7239    1108.9033    1174.4347   
 1241.2310    1297.5679    1354.8068    1365.4273    1378.0386    1391.5375   
 1421.0812    1452.7246    1505.0324    1511.4169    1522.1202    1538.4403   
 1674.1042    1811.0453    1953.4499    1967.4196    1980.9233    1993.3268   
 2190.1634    2384.6689    2605.4556    2658.5857    2716.2049    2776.7034   
 2883.1843    3060.8937    3322.0928     562.9695     904.6996    1124.8123   
 1228.2039    1249.6961    1274.4749    1303.8274    1372.5803    1436.1684   
 1490.0971    1539.9744    1550.0492    1560.4643    1571.4901    1609.2708   
 1657.1392    1720.0733    1730.2374    1741.1065    1752.3061    1903.1196   
 2051.3186    2199.5608    2215.6160    2231.5812    2247.4509    2437.3729   
 2630.8339    2840.3053    2887.2954    2941.3570    3031.3160    3153.6566   
 3328.6105    3561.4014     823.2358    1150.6984    1357.1827    1462.3164   
 1482.4721    1502.1516    1515.4679    1588.4501    1653.4171    1710.3372   
 1761.8337    1772.8958    1783.9219    1795.0623    1858.3446    1930.6763   
 2011.3321    2021.7638    2032.2700    2040.3889    2189.1393    2336.6098   
 2491.2568    2505.1935    2522.5353    2543.3822    2729.5323    2935.5613   
 3180.2497    3237.7373    3302.6811    3379.6748    3482.7233    3633.9765   
 3832.3379    1155.4505    1439.8596    1631.6081    1738.6578    1748.1327   
 1765.8265    1794.6692    1851.6337    1910.8100    1962.9657    2013.3517   
 2026.8830    2038.0295    2047.0935    2135.6827    2225.6320    2318.5390   
 2325.6612    2336.1235    2350.1937    2485.3483    2616.3515    2750.3466   
 2765.9598    2788.1103    2814.2556    3022.9567    3251.6760    3511.4408   
 3581.0259    3641.2136    3736.3050    3838.4770    3980.0395    4160.8518   
 1518.4629    1771.0894    1941.7846    2023.2799    2045.4087    2065.8258   
 2083.8384    2158.1376    2222.7404    2278.5954    2333.5655    2344.2903   
 2354.7244    2364.9578    2463.8595    2559.2939    2654.9183    2666.1090   
 2676.9707    2687.5199    2800.5549    2895.4821    3015.0864    3044.6405   
 3075.4858    3113.8892    3364.0316    3611.8195    3872.6732    3906.9214   
 3984.8780    4093.5321    4217.1015    4378.7754    4597.0991    1868.2813   
 2113.7397    2282.6092    2358.8714    2380.9607    2404.6279    2428.7887   
 2523.4724    2601.0444    2666.0779    2728.9356    2743.5972    2753.9001   
 2760.7748    2865.0890    2966.8811    3069.6699    3077.7914    3087.7472   
 3099.8948    3202.7972    3314.1501    3432.9637    3459.3369    3489.8623   
 3529.1957    3792.9012    4041.1421    4309.3233    4358.2200    4424.5241   
 4507.7610    4642.0227    4834.3647    5085.3965    2169.0978    2460.1222   
 2652.1194    2750.1965    2774.4908    2804.9601    2842.7589    2940.7130   
 3028.5134    3103.7852    3175.8003    3185.6627    3195.9983    3206.7722   
 3310.2883    3416.8961    3526.4370    3536.2940    3546.1935    3556.1488   
 3675.0504    3805.4160    3947.9823    3965.2112    3983.6989    4003.3777   
 4258.9372    4525.9573    4814.1958    4853.4427    4905.4814    4969.5885   
 5114.5401    5327.9288    5620.3032    2393.1364    2732.9448    2962.7755   
 3085.7379    3108.7382    3156.5540    3238.0832    3341.7123    3440.7765   
 3514.8184    3583.4090    3592.1880    3602.9002    3615.9314    3741.3014   
 3869.0340    3995.5551    4004.4734    4014.1301    4024.4502    4143.3689   
 4270.8563    4411.1301    4419.1236    4429.8148    4437.7888    4693.1330   
 4966.9665    5255.9480    5308.7148    5368.7594    5440.1096    5598.6637   
 5823.6282    6112.7863    2596.8956    2986.2787    3243.0332    3381.5236   
 3414.2451    3474.2140    3578.2132    3709.8697    3827.1178    3910.4422   
 3979.0629    3990.8787    4001.1899    4010.1988    4151.4363    4292.4232   
 4434.1370    4443.8650    4454.0167    4464.2060    4599.8915    4736.3331   
 4873.7594    4879.9722    4886.7915    4894.0406    5153.1984    5437.2737   
 5754.5268    5805.4038    5875.1123    5951.2977    6103.9767    6343.5927   
 6679.1658    2844.5042    3230.8433    3489.9904    3631.6549    3687.8932   
 3760.4032    3861.6274    4048.9567    4207.3573    4321.0869    4418.0815   
 4428.1079    4438.0404    4447.7966    4595.0351    4744.8501    4896.4905   
 4906.5991    4916.9486    4927.5799    5070.9004    5212.8264    5353.0374   
 5359.8344    5366.5897    5373.3295    5641.9592    5952.4814    6315.4312   
 6353.6018    6423.4222    6502.4619    6649.3656    6894.2062    7243.5127   
 3162.1437    3487.1866    3729.7194    3894.1928    3933.5377    4007.7846   
 4127.4014    4388.4193    4615.4773    4778.5869    4924.2036    4934.1920   
 4944.1740    4954.1720    5103.5197    5255.4287    5409.7649    5419.6625   
 5430.0770    5440.9931    5584.8258    5727.6817    5869.1320    5875.9156   
 5882.7559    5889.6428    6144.2050    6453.1285    6823.2267    6856.2144   
 6919.4531    7008.1297    7154.8648    7416.6255    7791.5367    3436.0158   
 3732.0901    3954.2331    4116.3245    4153.6812    4224.2368    4324.0858   
 4704.7489    5020.6019    5258.5180    5467.8001    5480.2311    5490.6976   
 5499.1898    5654.4009    5812.1151    5974.0130    5985.2387    5996.5366   
 6007.8966    6158.5247    6307.8142    6455.9957    6463.1059    6470.4116   
 6477.8967    6690.7832    6948.6018    7245.8717    7285.9626    7344.0506   
 7411.7127    7587.7719    7884.5086    8313.3958    3746.4205    3964.5890   
 4166.0709    4342.6990    4364.5650    4421.8104    4545.4309    5002.9845   
 5413.7824    5745.9696    6031.3012    6042.5676    6053.8562    6065.1668   
 6221.9224    6389.6780    6570.9579    6583.9257    6596.9311    6609.9565   
 6772.1760    6931.3200    7092.2949    7100.3551    7108.4466    7116.5723   
 7278.8212    7477.2468    7700.4928    7732.7547    7776.6222    7850.9400   
 8004.4499    8335.1317    8823.2462      70.3999     229.5035     364.4097   
  446.6900     481.3050     520.2131     563.2641     663.5186     751.8925   
  824.9993     892.2442     901.3037     911.6869     923.3197     939.7307   
  957.5415     976.4937     986.7054     997.1105    1007.6563    1139.1952   
 1281.9819    1433.1431    1448.3715    1463.5966    1478.8878    1705.5523   
 1906.7310    2088.4311    2114.2593    2142.4737    2172.9578    2250.5602   
 2471.5969    2870.9053     216.7853     470.9372     643.2436     736.0046   
  764.6890     800.4738     844.7932     924.5536    1002.9832    1068.6494   
 1129.2537    1138.5779    1150.4849    1165.4266    1189.0536    1216.7970   
 1248.1700    1257.6784    1269.0700    1282.5361    1409.4908    1545.5028   
 1687.3353    1702.2894    1715.7995    1727.8429    1936.6167    2143.3801   
 2345.0927    2396.6044    2441.6103    2480.1754    2574.5422    2775.2818   
 3087.7659     370.6242     690.2275     894.7526     995.0587    1019.7529   
 1050.6120    1088.7794    1158.7787    1229.0712    1288.4043    1342.8284   
 1352.1733    1364.0598    1378.7494    1413.5667    1452.3043    1494.6518   
 1504.1417    1515.5088    1528.8381    1661.8459    1800.8734    1944.1245   
 1957.7362    1971.4512    1984.7364    2178.8418    2384.3618    2598.9535   
 2659.2583    2716.0852    2771.4308    2874.9101    3056.7253    3321.3231   
  557.3405     898.4812    1120.6166    1223.7878    1246.6074    1270.6203   
 1295.6676    1365.4879    1429.8799    1483.6533    1531.9731    1542.0814   
 1552.3962    1562.9057    1613.2521    1664.0670    1715.4890    1726.0741   
 1736.4411    1746.6066    1897.9477    2048.6933    2198.8468    2214.6061   
 2230.4548    2246.4080    2428.3302    2627.8049    2844.7500    2902.2056   
 2965.8905    3035.8588    3151.3458    3327.0878    3563.0559     817.4653   
 1142.2917    1351.4694    1459.7453    1476.0260    1494.5275    1510.7560   
 1580.5727    1644.3903    1700.5131    1750.1340    1762.3687    1773.2370   
 1782.6427    1858.8303    1930.2904    1997.4692    2009.4618    2019.4169   
 2027.2723    2172.2721    2322.2709    2480.8454    2495.2671    2511.9821   
 2530.9925    2713.0268    2928.8574    3176.5948    3244.0048    3309.3066   
 3376.8051    3477.0708    3630.0050    3828.0378    1143.4621    1428.3298   
 1621.2874    1726.5371    1739.8535    1756.4328    1775.7320    1837.4581   
 1898.2410    1953.0198    2003.1616    2014.7554    2025.1927    2034.3570   
 2127.9819    2216.3755    2302.3838    2311.5173    2321.5380    2332.5911   
 2461.5527    2596.0482    2737.8705    2755.0943    2775.7476    2799.6907   
 3003.4979    3239.1518    3504.8797    3576.1245    3650.8020    3729.5177   
 3828.0745    3971.0381    4153.9718    1504.6310    1759.9264    1931.2131   
 2013.5004    2031.3244    2049.3455    2069.4423    2141.0893    2208.7212   
 2268.2629    2324.5972    2333.9692    2343.4548    2353.1737    2453.4159   
 2550.1490    2642.8341    2652.8853    2662.6139    2672.2127    2780.1640   
 2892.3743    3005.2939    3037.0314    3066.2018    3092.7286    3342.7419   
 3594.6669    3854.6049    3914.1827    3990.8379    4084.8689    4202.8493   
 4368.9421    4591.2460    1857.9665    2101.2726    2272.4633    2349.0407   
 2372.8095    2394.8932    2414.9225    2506.6143    2587.8570    2657.7487   
 2721.9262    2732.4699    2741.9778    2750.3526    2855.4815    2956.9755   
 3057.7107    3065.4116    3074.8300    3085.9998    3186.9076    3300.3084   
 3422.0652    3451.3462    3479.8117    3509.5907    3771.4099    4033.6653   
 4304.4732    4347.6378    4411.2796    4495.4098    4627.2530    4825.3047   
 5080.6443    2159.6255    2449.0379    2643.8969    2744.1514    2771.0743   
 2800.0677    2831.3424    2929.0861    3018.3590    3094.3872    3166.0303   
 3175.5300    3185.5697    3196.1756    3301.4687    3409.0274    3518.7860   
 3528.4513    3538.3772    3548.5597    3667.4081    3797.5010    3938.7629   
 3955.0957    3972.1273    3989.8641    4246.5047    4520.1728    4810.7497   
 4860.8740    4911.6692    4963.2988    5102.7942    5321.3711    5618.9961   
 2374.7357    2716.6376    2950.3688    3072.9918    3109.4984    3156.1862   
 3213.9061    3323.2638    3423.2189    3500.0811    3571.1064    3579.4156   
 3589.5046    3601.4379    3726.7081    3852.8060    3978.1418    3988.3446   
 3998.2715    4007.9032    4131.7073    4260.1466    4394.7348    4404.4121   
 4416.0534    4426.2959    4683.4778    4956.6483    5240.6160    5312.5016   
 5374.3593    5426.9100    5585.9912    5815.2272    6108.1649    2580.0041   
 2968.2277    3228.3578    3369.6652    3416.7625    3479.0020    3558.1353   
 3690.5929    3810.8718    3896.7826    3968.3633    3980.0128    3990.0955   
 3998.6128    4142.5775    4283.9420    4424.1698    4435.1196    4445.6468   
 4455.7577    4590.4969    4722.8664    4852.5186    4861.7324    4870.6526   
 4879.3533    5143.4193    5427.5624    5740.6657    5800.1753    5866.1741   
 5936.2209    6089.7928    6334.9091    6677.7863    2832.5217    3216.6791   
 3478.4210    3622.5759    3689.7148    3760.6785    3846.8183    4032.5590   
 4195.4545    4311.3767    4410.4975    4420.7519    4430.7892    4440.6092   
 4589.4159    4738.6903    4888.5370    4899.6957    4910.8668    4922.0458   
 5064.2057    5201.5451    5333.8245    5343.0387    5351.9912    5360.7392   
 5634.0966    5946.2393    6304.5444    6355.4521    6419.2664    6496.7316   
 6636.7930    6886.3782    7239.3809    3153.5618    3475.8808    3719.9520   
 3885.6065    3940.2612    4012.2476    4101.9710    4372.7303    4605.5981   
 4771.5549    4917.6328    4928.0003    4938.3063    4948.5421    5099.7639   
 5251.1723    5402.6876    5413.6343    5424.9232    5436.5458    5579.3891   
 5717.5512    5850.7879    5860.3717    5869.6400    5878.7479    6136.8889   
 6446.3459    6813.7810    6861.9338    6925.2347    7004.0051    7148.1697   
 7412.8991    7789.9976    3430.5627    3724.4218    3944.7771    4105.4149   
 4161.6434    4228.9821    4303.7887    4689.9546    5012.8983    5253.0594   
 5463.7515    5476.0572    5486.8975    5496.2654    5651.8652    5808.8581   
 5968.1283    5980.1715    5992.1452    6004.0131    6154.9200    6299.5632   
 6438.1732    6447.4315    6456.3611    6465.0986    6683.4518    6943.0473   
 7237.9305    7296.1823    7355.3843    7411.9895    7583.6795    7882.7027   
 8313.0178    3747.1840    3962.1424    4160.7532    4339.7973    4373.1803   
 4433.5681    4520.1944    4989.3402    5406.9086    5740.8938    6031.1608   
 6042.4338    6053.7781    6065.2244    6221.8498    6387.6017    6567.5810   
 6580.9125    6594.1112    6607.1407    6772.0141    6926.1032    7075.9692   
 7084.0853    7091.8095    7099.1975    7270.8811    7473.9852    7695.9183   
 7738.5510    7788.9914    7847.3455    8000.1819    8332.6032    8822.8646   
   71.6127     226.8905     357.4696     436.7672     478.4220     517.5480   
  553.6261     656.9582     748.1864     822.8404     890.5063     901.9974   
  912.6620     922.3993     941.5773     959.3855     975.7053     986.7755   
  997.1126    1006.7531    1140.4554    1283.8455    1431.9880    1447.6435   
 1463.0878    1478.4794    1701.5863    1903.5985    2089.0734    2119.9140   
 2148.5700    2174.8966    2253.5307    2485.5827    2899.4747     209.0632   
  460.9748     629.8764     720.1327     754.3416     790.4578     827.5155   
  910.6589     990.0423    1055.3091    1115.6952    1125.9560    1137.3436   
 1149.5254    1183.7410    1214.0738    1240.7268    1252.3649    1264.2001   
 1275.8201    1401.7840    1536.9583    1678.4054    1693.7042    1707.4677   
 1719.6812    1926.9696    2133.2123    2333.8446    2394.0851    2440.3394   
 2474.9619    2569.0897    2773.1754    3091.9547     361.3943     679.2543   
  881.6322     980.5032    1009.0854    1040.0542    1072.7460    1144.9970   
 1215.2755    1273.3268    1326.6941    1336.3544    1347.5833    1360.2423   
 1409.4903    1451.3792    1486.0669    1497.5451    1509.3615    1521.0455   
 1652.4711    1791.0347    1935.3298    1948.9870    1962.8357    1976.3715   
 2168.2781    2373.9162    2591.1000    2660.2044    2717.9807    2766.1654   
 2867.8661    3049.8269    3316.9709     552.0130     892.4400    1114.6779   
 1218.7883    1242.9346    1266.3920    1289.0487    1359.4307    1423.6321   
 1476.1595    1522.5860    1533.1555    1543.3587    1553.2145    1618.8033   
 1671.3129    1711.1818    1722.3076    1732.6242    1742.1283    1894.4798   
 2046.3764    2197.8340    2213.4122    2229.1537    2245.0613    2422.0536   
 2623.7362    2850.0616    2918.2524    2981.5014    3039.8254    3149.7266   
 3324.6751    3564.6876     810.7198    1132.3190    1341.1485    1452.5410   
 1469.2825    1487.5938    1502.6475    1572.1816    1635.1406    1689.6584   
 1737.6486    1750.0701    1760.6449    1769.4497    1858.5379    1929.9157   
 1983.8196    1996.5906    2006.5646    2013.9222    2158.6409    2309.7080   
 2470.5523    2484.7706    2501.2006    2519.8521    2699.6596    2917.7258   
 3172.0572    3248.7377    3314.6740    3374.1895    3471.2831    3623.7665   
 3823.6757    1133.3782    1416.4663    1608.7811    1714.6199    1728.5101   
 1744.8259    1762.8464    1824.6685    1885.4770    1940.1044    1989.8414   
 2001.8338    2012.0095    2020.4741    2121.5733    2209.5707    2287.3424   
 2297.0741    2306.9465    2316.8085    2442.0363    2577.3365    2724.6328   
 2741.9391    2762.1657    2785.0561    2986.9315    3224.3859    3495.7070   
 3581.5877    3657.2257    3723.3761    3818.7463    3961.5489    4147.3566   
 1490.5631    1747.2507    1917.8129    1997.2738    2015.9966    2033.3599   
 2051.0058    2124.8447    2194.2882    2255.3294    2312.6794    2322.5830   
 2331.9792    2341.0025    2443.9074    2540.4198    2629.9250    2640.4596   
 2649.9091    2658.4727    2761.6089    2874.4143    2993.0783    3026.2108   
 3053.9129    3076.9799    3323.6760    3577.5902    3844.4547    3919.4164   
 3996.0002    4074.4169    4190.1695    4357.0360    4583.4459    1845.6202   
 2088.9885    2259.9309    2334.8759    2360.4764    2381.7081    2399.1851   
 2492.5405    2575.5169    2646.1853    2710.6543    2721.6115    2731.0948   
 2739.1149    2846.2996    2947.6917    3046.1430    3053.8331    3063.1219   
 3074.0060    3173.0399    3286.5902    3410.3034    3440.8267    3467.3691   
 3492.6311    3753.2874    4018.2225    4294.9016    4350.2616    4413.2296   
 4483.2216    4614.8818    4814.4039    5073.0143    2149.8645    2439.3109   
 2634.8990    2736.6199    2766.5703    2794.5997    2820.7919    2919.8014   
 3009.5161    3084.8403    3155.0620    3164.7829    3174.8292    3185.1900   
 3292.7507    3401.2449    3510.6709    3520.4936    3530.4460    3540.5237   
 3659.3855    3788.7103    3928.4379    3944.4934    3960.6695    3976.9430   
 4235.9584    4512.4085    4805.8456    4871.5069    4922.0688    4958.0720   
 5094.8260    5314.6384    5617.5059    2358.1591    2701.8307    2936.5188   
 3062.0350    3106.7272    3152.0530    3195.7117    3308.4023    3409.5211   
 3487.2538    3559.1042    3567.4038    3577.4532    3589.2987    3714.0706   
 3840.0278    3965.3776    3975.6465    3985.6039    3995.2426    4120.1432   
 4247.6027    4379.3384    4389.0753    4400.3996    4410.0743    4671.5894   
 4945.0197    5221.7489    5313.5351    5377.4033    5419.4676    5575.7118   
 5806.9790    6103.8413    2563.8479    2951.5359    3212.9438    3358.8177   
 3419.1163    3480.5567    3540.3535    3675.7179    3796.2067    3883.5093   
 3957.1523    3968.8023    3978.8636    3987.3417    4130.7462    4272.1623   
 4412.9232    4423.9708    4434.5128    4444.5628    4579.8465    4710.3587   
 4835.8655    4845.3662    4854.2591    4862.1362    5132.7099    5417.7203   
 5726.9628    5801.7613    5868.9027    5924.0544    6078.1189    6325.6918   
 6675.8157    2820.4698    3202.9626    3465.5105    3612.8633    3695.1503   
 3765.0295    3833.5585    4019.7747    4183.3742    4301.2326    4402.2475   
 4412.6650    4422.7254    4432.4371    4582.7783    4732.5756    4881.9702   
 4893.4523    4904.6148    4915.4476    5057.0160    5191.7390    5319.4939   
 5328.9697    5337.9296    5345.9724    5625.3016    5939.4259    6296.2774   
 6361.6817    6425.4925    6486.4990    6626.7615    6878.2983    7236.1362   
 3145.8677    3464.6066    3709.0910    3878.1896    3944.7512    4014.2922   
 4086.0168    4360.3531    4596.1479    4764.6506    4911.8798    4922.3598   
 4932.6822    4942.8393    5095.9720    5247.4955    5397.2986    5408.6654   
 5419.9511    5431.1421    5573.5076    5709.1061    5837.8312    5847.6967   
 5856.9777    5865.3380    6128.2698    6438.9844    6805.2238    6868.0488   
 6932.6388    6997.8903    7142.2761    7408.2285    7788.3866    3424.1986   
 3715.8045    3936.0103    4099.1166    4167.2493    4231.3102    4289.0681   
 4679.1435    5005.6108    5247.5652    5459.2672    5471.6490    5482.5047   
 5491.8426    5648.7921    5805.7838    5963.5655    5976.0524    5988.1035   
 5999.6833    6151.0606    6292.7216    6424.9679    6434.4771    6443.3731   
 6451.4653    6675.2532    6936.7663    7227.1203    7302.9267    7363.5105   
 7410.5601    7579.8992    7879.8954    8312.5481    3747.6033    3959.1985   
 4154.7432    4334.9064    4380.6227    4436.3805    4501.5541    4979.5099   
 5400.7719    5735.4077    6028.1177    6039.4319    6050.7897    6062.2612   
 6219.7017    6384.9319    6564.3685    6577.9963    6591.4088    6604.5931   
 6771.8912    6921.5734    7061.4047    7069.7552    7077.3912    7084.4263   
 7263.0394    7469.6686    7690.5241    7745.3671    7796.4777    7844.2457   
 7996.1916    8329.0391    8822.3968      72.4814     224.6143     350.8615   
  426.0478     474.8824     514.6826     545.3976     650.8784     743.2347   
  823.4560     887.1802     901.7448     912.7710     920.7048     942.4576   
  961.0077     975.4582     987.4412     997.5599    1006.6259    1142.9900   
 1286.2861    1431.0490    1447.0463    1462.7237    1478.2535    1697.8133   
 1897.6300    2089.5837    2124.7388    2153.9592    2177.2063    2255.5829   
 2492.5679    2921.2117     201.2657     451.1321     614.9656     702.1111   
  745.5818     783.0805     811.4235     899.5826     977.4479    1034.9707   
 1097.9461    1108.0246    1120.0238    1129.2345    1180.9470    1214.7896   
 1232.0739    1250.7481    1262.0276    1268.5361    1400.7335    1528.3089   
 1669.1201    1686.1799    1700.3085    1711.1692    1915.5175    2120.8986   
 2319.8097    2392.9983    2439.8008    2467.5053    2566.6296    2770.0246   
 3093.7297     352.3343     669.2125     867.1146     965.6915    1000.1403   
 1032.4057    1057.1551    1132.3925    1197.3805    1254.3674    1309.2007   
 1317.9455    1327.3791    1340.7600    1410.3053    1455.0878    1478.5255   
 1495.0151    1506.2275    1513.2021    1649.6003    1780.1142    1929.1902   
 1942.8616    1957.0930    1970.1530    2155.5108    2360.9735    2585.0536   
 2661.0023    2720.1868    2754.0826    2864.3631    3041.2685    3309.7187   
  547.1629     887.8551    1107.2539    1213.3348    1238.5063    1262.0514   
 1283.9628    1352.7776    1418.0133    1466.8996    1512.8438    1523.1782   
 1533.4971    1543.3526    1631.3728    1676.7950    1707.1900    1719.1697   
 1729.5873    1738.9618    1892.0615    2044.7652    2196.5630    2212.0361   
 2227.6769    2243.4893    2416.4307    2619.1365    2856.1994    2940.4344   
 2992.9257    3043.2894    3148.6364    3321.7987    3566.2502     803.5061   
 1129.5409    1325.8815    1442.9413    1460.0167    1477.7862    1497.6482   
 1567.8284    1627.1923    1675.6076    1723.2724    1735.7717    1746.5734   
 1754.8258    1863.9361    1923.7359    1970.0622    1982.5360    1993.0295   
 2000.1102    2149.1300    2300.2706    2460.5123    2473.8699    2490.2335   
 2509.7040    2686.3601    2903.8919    3164.5952    3255.8767    3321.6113   
 3370.5660    3465.5110    3615.7216    3818.4082    1125.1511    1415.2332   
 1592.1533    1703.9315    1713.7440    1730.8359    1752.4406    1813.4251   
 1870.9531    1925.4491    1975.5597    1987.3126    1997.4520    2006.7979   
 2117.4845    2204.4807    2268.4803    2282.9373    2292.8884    2300.7237   
 2425.6622    2557.1446    2710.5878    2726.9616    2747.4078    2770.8473   
 2971.5835    3205.7848    3486.9953    3586.7489    3664.6557    3710.4841   
 3810.0739    3950.2565    4141.1245    1478.0215    1740.4112    1901.8787   
 1977.6087    1998.2409    2016.0323    2031.3066    2108.4529    2179.1293   
 2239.7070    2297.6659    2310.0770    2320.1732    2328.5404    2435.2664   
 2532.0690    2616.9938    2628.4503    2638.5393    2646.9477    2746.4311   
 2853.8986    2976.2533    3012.8315    3039.4204    3057.3043    3305.3152   
 3560.4013    3831.9295    3926.8300    3988.7621    4063.2035    4181.2622   
 4344.3772    4574.8517    1829.2847    2077.2448    2244.6396    2314.0099   
 2346.7253    2368.1288    2382.1205    2479.8061    2564.4958    2634.0644   
 2697.1399    2709.9180    2720.0177    2727.7636    2838.2073    2938.7671   
 3034.4955    3042.2617    3051.9498    3063.5019    3160.5745    3270.2828   
 3394.3353    3428.1055    3452.8104    3472.8904    3735.0827    3998.4004   
 4283.7960    4356.6576    4418.2587    4465.6139    4602.9532    4802.6125   
 5059.9881    2140.2557    2431.6633    2624.8791    2727.9251    2760.7527   
 2788.2430    2811.8163    2912.5788    3001.9875    3075.2268    3143.3677   
 3153.4289    3163.7645    3174.3959    3284.3667    3393.2726    3502.4728   
 3512.4173    3522.3989    3532.4221    3651.3431    3778.8151    3917.3445   
 3933.3836    3949.2820    3965.0400    4225.1575    4502.8067    4800.9119   
 4895.8599    4934.3417    4954.2050    5089.7488    5307.4099    5616.0178   
 2344.2826    2689.8082    2920.8799    3050.5894    3097.2813    3141.5775   
 3183.7341    3296.3842    3398.3308    3475.2696    3547.2697    3555.7068   
 3566.2736    3579.1602    3703.2396    3829.8026    3955.2905    3965.5058   
 3975.1888    3984.3882    4108.4563    4234.6551    4362.1701    4372.0390   
 4381.8296    4390.5273    4656.1347    4931.4708    5208.0300    5299.0763   
 5376.3691    5412.4611    5567.2344    5798.6792    6099.2005    2547.2526   
 2935.8206    3195.8878    3349.1768    3419.0800    3475.2819    3531.6910   
 3664.5232    3783.3334    3871.1169    3945.5920    3957.9098    3968.2113   
 3976.5860    4119.3188    4259.2997    4401.7309    4411.4466    4421.4515   
 4431.8138    4567.4108    4697.9946    4822.5328    4830.3285    4837.0691   
 4842.7441    5120.7890    5407.7053    5712.9439    5808.1564    5875.1721   
 5911.5557    6068.7837    6317.0679    6672.9599    2808.8633    3189.6114   
 3450.8620    3604.0291    3695.3595    3766.0094    3822.9967    4009.5355   
 4172.4181    4291.3449    4394.2016    4404.4731    4414.4199    4424.0686   
 4574.9212    4726.0351    4876.8616    4887.6785    4898.0138    4907.8829   
 5049.3013    5183.4853    5310.4480    5317.7121    5324.4906    5330.7945   
 5615.7628    5931.7405    6289.4557    6371.6518    6435.0477    6475.9458   
 6618.5443    6869.7759    7233.5097    3138.6861    3454.1135    3696.0390   
 3869.1904    3952.8163    4020.6335    4071.5326    4350.3484    4587.1834   
 4757.8109    4906.8589    4917.0582    4927.0945    4936.9492    5092.0014   
 5244.3265    5393.9096    5404.7681    5415.1743    5425.1281    5567.1904   
 5702.3697    5830.4931    5837.9234    5844.8003    5851.1204    6118.3769   
 6430.7173    6790.2353    6877.7266    6943.3306    6987.4948    7136.9108   
 7403.0068    7786.9050    3416.7419    3706.4361    3927.8396    4096.5848   
 4162.0722    4229.2505    4274.5089    4671.3319    4998.9593    5242.2802   
 5454.4947    5467.0677    5477.5732    5486.0374    5645.2176    5802.9286   
 5960.5421    5972.8606    5984.3888    5995.0908    6146.8694    6287.2331   
 6416.4940    6424.2006    6431.4054    6438.1030    6666.1768    6929.5097   
 7213.9570    7315.0484    7375.7343    7409.8846    7576.2215    7877.1764   
 8312.0917    3747.8060    3955.3449    4152.0539    4327.4534    4384.4317   
 4438.9793    4491.3442    4973.9807    5395.6262    5729.5592    6020.7573   
 6032.2033    6043.5884    6054.9190    6214.3963    6381.3414    6561.2882   
 6574.9399    6588.5877    6602.2353    6771.5154    6917.4308    7049.4710   
 7057.1833    7064.9781    7072.7787    7255.3054    7463.8123    7685.2710   
 7752.1395    7802.8968    7841.7390    7993.8311    8324.8041    8821.8549   

   ZC1()=
 4235.0327    4235.4388    4249.3701    4218.2026    4194.6610    4159.7768   
 4121.9014    4103.3405    4104.4656    4090.9647    4040.1224    4028.1253   
 4009.2496    3982.0293    3952.9830    3915.6512    3871.6536    3856.3921   
 3842.8195    3829.0309    3796.8906    3805.5074    3841.3012    3843.0121   
 3844.5565    3845.4823    3895.3332    3935.7149    3926.8525    3902.5057   
 3869.5331    3834.5025    3811.6111    3806.8585    3919.0597    4295.5100   
 4333.3910    4348.8928    4295.1243    4275.7627    4245.5908    4217.2173   
 4216.2034    4223.0867    4221.9897    4177.1125    4169.4126    4150.9193   
 4120.8917    4086.6455    4037.9861    3988.5139    3972.2741    3962.8319   
 3959.3953    3934.5672    3949.2234    3976.7971    3976.5708    3977.1134   
 3979.7510    4041.8167    4101.1866    4093.0713    4061.4450    4019.7766   
 3965.9663    3955.3068    3980.0030    4037.1408    4329.4332    4402.0247   
 4439.0185    4395.3236    4376.6070    4350.6355    4324.6997    4320.4712   
 4328.0386    4334.4453    4312.2913    4298.8656    4284.6895    4270.4390   
 4225.3187    4157.7475    4076.1708    4066.7538    4055.9475    4048.6073   
 4045.2259    4069.0934    4095.5211    4097.2487    4099.2528    4101.5568   
 4162.7973    4237.2994    4258.1966    4217.8714    4151.6656    4081.7774   
 4071.9887    4102.7046    4143.8883    4371.6680    4457.8717    4516.5130   
 4505.1125    4488.7562    4466.8097    4442.3501    4417.7026    4422.4582   
 4424.8646    4417.9907    4414.9474    4410.1238    4404.9993    4369.9680   
 4289.9795    4173.4048    4161.3721    4151.1208    4142.2105    4140.5944   
 4171.8523    4203.4994    4205.5664    4207.5906    4209.6339    4264.1663   
 4343.2075    4387.0010    4317.5833    4226.4393    4154.1745    4152.8382   
 4193.7156    4225.4415    4440.8175    4524.4618    4580.3013    4583.7859   
 4577.1136    4563.8831    4554.1809    4513.1197    4503.3139    4503.6764   
 4494.7585    4486.7203    4481.4263    4478.0179    4438.4839    4370.4157   
 4272.7619    4260.9945    4250.9840    4251.1417    4251.9807    4283.4074   
 4329.8380    4329.8400    4328.8006    4326.1729    4385.3055    4477.7121   
 4552.8463    4466.1218    4363.9715    4233.2722    4242.8671    4270.3273   
 4283.9893    4490.2832    4581.6940    4628.1210    4617.7234    4620.7962   
 4614.5672    4586.6673    4587.3663    4590.0235    4600.6035    4589.9329   
 4585.3742    4578.6445    4571.8602    4523.3537    4487.6597    4415.9279   
 4409.7561    4403.2579    4394.8993    4388.5314    4418.7072    4466.2250   
 4467.7577    4463.9931    4457.3212    4497.4088    4581.0905    4675.8238   
 4592.8442    4462.0372    4301.7238    4315.8956    4339.3296    4356.6691   
 4591.7304    4663.1756    4695.8440    4696.2067    4692.8024    4682.7295   
 4672.4519    4659.0622    4666.2179    4681.8237    4679.7409    4675.2227   
 4668.9558    4662.6908    4601.9654    4590.8736    4561.3385    4554.2684   
 4547.6629    4541.8766    4548.9633    4601.6238    4607.0413    4594.1686   
 4580.9311    4549.0954    4603.6554    4684.3120    4752.9769    4697.0383   
 4567.5165    4405.0825    4410.4758    4446.0042    4470.5837    4699.3771   
 4738.4496    4771.7306    4759.2878    4741.8340    4723.8723    4709.6579   
 4686.6290    4705.5333    4732.1793    4737.0069    4729.8345    4724.8107   
 4722.4024    4667.2663    4658.5388    4655.4175    4651.3214    4651.7368   
 4652.2884    4679.6268    4714.1439    4742.3058    4729.8672    4714.3889   
 4688.8229    4731.2312    4827.5038    4901.3558    4834.2537    4717.0359   
 4543.7855    4535.4955    4567.0553    4599.7118    4769.2546    4808.8039   
 4850.0043    4849.0523    4833.3636    4803.8857    4763.8159    4724.6304   
 4735.1874    4745.2950    4746.7591    4745.2678    4743.7083    4741.6106   
 4727.0973    4740.2383    4762.8760    4765.1802    4767.6143    4770.0816   
 4813.8728    4852.2386    4879.1427    4878.5047    4876.0763    4871.8266   
 4875.6088    4932.1146    4947.9414    4912.8553    4841.2130    4734.5656   
 4658.4026    4694.0429    4713.9465    4842.3539    4881.3900    4921.3296   
 4922.0695    4908.7283    4868.1845    4771.3397    4769.9365    4763.1869   
 4772.5440    4788.7290    4779.8798    4779.0576    4788.4899    4790.1016   
 4814.0398    4840.4237    4852.1885    4855.4531    4850.1094    4907.0941   
 4945.6885    4958.0679    4962.5213    4962.6326    4959.0477    4976.5699   
 4998.6829    5007.7388    4976.1679    4907.1121    4770.0864    4739.0811   
 4751.7351    4775.7195    4924.6781    4950.1469    4986.0566    4993.9353   
 4973.9467    4918.5405    4823.9992    4828.2526    4846.0188    4860.7053   
 4871.0523    4875.5233    4877.2463    4875.3955    4908.5351    4937.1691   
 4963.8263    4969.4390    4970.9078    4968.8300    4988.0720    4995.7400   
 5002.2871    5002.5576    5002.8600    5003.1820    5019.3257    5039.7392   
 5067.1024    5057.3188    4966.6127    4813.8252    4789.3483    4816.4457   
 4849.2220    5007.3576    5031.2798    5061.1579    5067.7940    5047.7880   
 4987.4648    4893.9156    4890.2999    4925.0939    4944.6674    4962.1882   
 4963.8168    4965.4294    4966.7898    4983.2122    4993.4014    4998.0823   
 4998.4094    4998.7442    4999.1381    5008.3723    5018.0077    5027.5560   
 5027.9033    5028.2423    5028.5805    5044.7585    5066.3799    5069.2414   
 5046.9898    4973.2520    4840.8656    4825.1182    4865.0104    4884.9643   
 5082.8869    5111.1836    5138.0488    5132.6199    5113.9083    5044.9864   
 4886.6205    4919.8467    4948.6123    4973.8972    4986.0468    4986.7380   
 4987.4277    4988.0153    4992.9866    4997.6924    5006.9870    5007.5451   
 5008.1303    5008.7538    5019.0606    5028.2441    5038.3973    5038.7766   
 5039.1486    5039.5169    5052.2413    5065.2111    5049.2820    5024.0152   
 4961.2927    4874.9781    4864.5814    4895.8828    4929.1083    5169.1030   
 5192.3647    5207.9872    5162.4129    5141.4054    5054.3121    4893.3511   
 4911.9818    4949.8381    4976.4064    4989.7095    4990.1892    4990.5883   
 4990.8706    4994.9647    4999.7484    5007.1009    5007.5676    5008.0325   
 5008.5118    5016.9619    5025.6866    5034.4315    5034.7845    5035.1519   
 5035.5300    5046.9323    5056.2936    5042.2653    5003.7915    4948.8863   
 4877.5412    4872.9574    4904.2432    4934.0445    5245.4381    5258.1079   
 5242.2913    5173.6056    5136.8957    5030.6641    4874.5017    4895.1003   
 4936.2554    4967.9162    4985.8762    4986.3601    4986.8332    4987.2778   
 4992.0998    4998.5696    5004.3141    5004.8876    5005.4631    5006.0492   
 5011.7527    5018.4360    5024.1707    5024.5089    5024.8579    5025.2060   
 5030.5599    5038.3268    5022.1779    4986.6488    4919.9920    4848.6553   
 4860.3476    4898.6278    4926.5319    4299.2031    4306.0140    4295.3606   
 4269.7663    4246.5957    4221.3320    4193.9512    4174.4721    4159.7719   
 4128.3495    4075.2107    4066.0036    4053.6528    4038.1544    4011.8406   
 3984.3607    3955.7061    3946.1510    3937.5086    3929.7709    3888.0413   
 3874.4679    3889.0426    3890.4126    3891.8232    3893.2702    3943.7337   
 3967.3894    3963.9355    3939.5027    3913.7878    3886.7901    3867.1783   
 3903.1964    3983.2391    4349.6444    4384.8693    4393.2109    4375.1824   
 4348.3975    4321.7820    4295.3869    4281.2371    4275.8840    4265.2816   
 4241.5575    4226.5045    4208.8947    4188.7459    4155.0623    4118.6069   
 4079.1869    4063.0342    4047.6055    4032.9174    4007.6905    4003.0191   
 4018.7423    4021.1390    4022.9685    4024.2636    4077.9970    4115.2981   
 4136.4186    4098.1399    4057.4622    4015.0771    3999.3262    4020.9484   
 4078.9706    4394.4036    4455.1526    4480.3909    4471.9147    4449.8027   
 4427.9029    4406.2674    4392.0248    4388.2661    4387.2468    4379.4167   
 4366.6358    4352.2228    4336.2187    4288.1285    4233.8263    4173.0976   
 4158.0279    4143.7809    4130.3625    4118.9208    4123.2589    4143.2973   
 4145.6640    4147.6385    4149.2039    4205.7602    4253.3742    4292.7345   
 4236.4544    4178.8284    4119.5198    4111.2196    4129.5780    4173.5562   
 4437.4916    4516.1109    4557.0268    4560.2459    4550.8281    4539.6936   
 4526.8129    4506.7484    4496.8967    4494.2211    4488.4564    4486.3974   
 4483.6371    4480.1726    4411.0393    4330.0188    4237.1399    4231.1319   
 4226.0347    4221.8508    4221.6648    4235.1184    4262.2069    4264.0047   
 4265.8485    4267.7396    4327.2683    4381.7560    4431.2045    4354.4476   
 4277.8868    4201.5116    4202.8911    4225.3247    4268.8184    4496.8557   
 4579.6233    4622.5082    4627.7863    4622.2436    4614.3255    4603.1888   
 4586.2866    4577.1976    4574.6440    4569.9164    4564.6427    4558.5053   
 4551.4874    4497.8112    4428.1202    4342.5231    4334.3632    4328.1419   
 4323.8483    4327.8734    4347.5026    4383.1615    4384.2780    4385.5314   
 4386.9769    4445.6298    4511.7710    4585.0482    4493.0090    4393.2975   
 4285.0772    4289.0472    4305.4436    4335.1814    4561.8177    4642.8643   
 4684.3658    4687.1818    4683.7372    4677.9874    4669.8121    4662.3201   
 4660.7160    4661.0748    4657.7627    4650.5127    4642.4696    4633.6279   
 4592.7986    4542.7565    4483.8198    4473.3297    4465.3835    4459.9948   
 4460.5277    4477.5633    4511.5380    4511.8805    4511.8474    4511.4823   
 4562.3590    4629.2125    4711.3234    4609.3067    4495.4013    4369.5596   
 4375.7442    4390.2092    4413.3402    4652.9417    4721.0162    4752.0198   
 4744.9990    4740.6937    4733.8959    4725.1225    4727.7755    4734.8095   
 4741.0792    4742.4790    4735.8097    4728.3271    4720.0525    4682.9507   
 4650.6996    4623.2331    4616.1007    4610.4945    4606.4389    4612.9939   
 4628.2062    4651.4125    4645.8264    4637.2878    4625.4598    4675.8601   
 4744.9627    4833.7089    4726.2007    4603.9843    4467.1130    4477.1312   
 4496.3978    4524.0079    4758.3686    4809.4702    4831.6413    4820.7001   
 4812.5665    4801.2536    4786.4843    4781.7369    4784.0267    4791.0518   
 4794.5318    4791.1425    4786.8401    4781.6115    4754.2292    4737.4978   
 4731.9534    4730.2534    4729.5162    4729.7413    4752.7762    4774.4361   
 4793.8931    4786.0055    4775.6506    4763.2555    4808.9243    4868.5977   
 4942.9497    4851.8426    4746.1119    4625.6612    4615.8679    4628.1838   
 4662.0296    4845.1896    4893.0440    4913.8009    4907.4289    4893.9738   
 4876.8396    4856.0297    4831.2922    4821.0096    4823.4294    4824.2215   
 4824.7084    4825.2117    4825.7391    4819.6866    4826.3840    4845.8117   
 4847.7179    4849.7130    4851.7882    4886.5183    4913.3536    4932.2825   
 4933.4028    4934.4449    4935.4275    4963.1461    4989.1998    5013.4969   
 4963.3808    4901.9877    4829.2142    4777.8302    4768.7907    4802.0330   
 4919.6460    4964.0786    4991.2969    5000.3217    4971.9365    4935.1283   
 4890.3494    4866.0001    4857.7437    4863.6420    4869.3470    4869.8338   
 4870.6369    4871.7672    4882.4875    4904.1022    4936.3477    4938.7162   
 4941.1542    4943.6582    4978.6454    5006.6379    5028.2704    5023.6459   
 5019.6056    5014.7640    5042.7261    5067.7993    5089.5327    5032.9914   
 4960.9373    4873.9223    4833.3914    4830.8177    4866.9945    4992.7619   
 5034.7221    5061.1042    5073.3355    5030.8736    4980.6522    4923.5186   
 4915.8747    4919.3564    4930.9751    4941.2819    4942.7719    4944.0525   
 4945.1242    4966.9586    4992.1631    5020.9613    5022.4445    5023.9541   
 5025.4914    5048.3456    5069.6708    5089.3137    5083.3628    5077.1732   
 5070.7698    5096.6170    5122.1630    5149.0380    5081.1707    4999.1922   
 4902.8672    4879.0089    4887.6759    4926.8154    5068.2242    5106.7862   
 5128.2772    5133.5573    5089.1786    5033.8490    4969.8416    4973.2935   
 4986.6604    5004.9050    5019.7510    5021.2088    5022.6318    5024.0200   
 5040.8576    5055.5230    5068.0317    5068.6574    5069.1252    5069.4344   
 5079.5615    5093.2989    5110.5322    5104.9968    5099.3008    5093.4620   
 5117.9516    5137.7067    5153.8324    5081.6370    5000.4298    4910.5806   
 4908.9449    4929.1910    4970.0230    5145.9688    5179.7464    5196.6813   
 5197.1002    5149.0743    5085.3398    5006.5971    5003.1966    5016.1641   
 5037.8755    5053.8925    5054.7779    5055.6755    5056.5840    5064.2813   
 5071.6532    5078.6860    5080.5253    5081.1228    5080.4772    5090.2422   
 5103.5513    5120.2816    5114.2302    5108.0453    5101.7799    5124.7236   
 5136.6201    5138.4018    5069.5953    4999.8458    4929.0968    4930.9285   
 4952.4789    4992.9532    5218.4845    5247.1054    5245.2712    5214.2491   
 5166.1343    5096.4634    5004.3176    5004.6215    5018.9064    5042.1403   
 5058.4357    5059.2761    5059.9183    5060.3614    5066.0818    5072.5622   
 5079.9300    5082.1449    5082.8608    5082.0720    5090.5879    5101.3433   
 5114.2936    5110.4058    5106.3795    5102.2625    5118.3466    5122.8775   
 5115.4872    5057.7521    4997.6487    4935.7418    4935.1827    4955.8064   
 4997.4552    5295.3635    5310.0581    5277.7473    5199.6710    5157.1729   
 5089.4609    4996.3615    4997.7621    5013.6072    5038.2153    5056.3794   
 5057.1816    5057.9925    5058.8067    5064.5567    5070.6335    5076.6723   
 5077.6073    5078.5160    5079.4003    5084.5872    5090.8956    5096.7775   
 5098.3713    5099.8426    5101.1933    5106.5164    5098.5591    5077.4235   
 5032.3256    4979.3479    4918.5091    4923.8998    4947.2108    4988.4990   
 4363.2715    4368.4120    4356.2629    4329.6717    4301.2168    4276.7460   
 4256.1855    4234.2407    4220.0687    4188.3783    4131.1822    4118.2490   
 4106.2798    4095.2664    4067.0114    4042.7614    4022.5106    4013.3119   
 4005.7266    3999.7525    3953.9804    3932.5710    3935.6237    3935.9228   
 3936.4645    3937.2398    3985.9660    4008.8465    4005.6980    3978.2261   
 3954.4057    3934.2259    3913.9870    3952.4374    4038.5481    4410.8878   
 4444.6221    4456.6383    4447.8107    4418.1081    4390.8300    4365.6361   
 4341.8815    4333.8935    4329.3337    4313.2334    4299.4326    4285.5746   
 4271.6084    4230.4595    4193.0828    4159.2440    4137.4797    4119.1583   
 4104.3201    4069.9792    4055.6730    4061.2737    4062.5835    4063.5337   
 4064.1557    4115.2066    4153.5173    4179.3625    4132.3662    4089.6652   
 4051.8259    4036.1321    4059.5093    4121.0442    4456.2864    4513.4334   
 4542.5403    4545.5045    4523.5671    4502.1744    4481.1119    4456.5708   
 4450.2902    4457.8123    4461.6539    4451.8323    4441.3022    4430.0488   
 4361.0777    4301.3042    4250.5611    4229.8382    4212.6149    4198.8721   
 4180.1838    4177.2171    4189.9116    4191.3154    4192.4431    4193.2757   
 4245.7957    4294.1387    4338.9472    4270.9670    4209.7365    4154.9464   
 4145.2019    4164.4732    4211.6321    4503.1749    4574.0222    4614.0853   
 4623.3737    4617.6348    4610.7878    4602.8142    4578.2370    4569.2374   
 4573.7813    4576.1746    4575.4475    4573.4624    4570.2225    4458.8661   
 4367.4257    4295.9900    4290.3873    4286.0965    4283.1170    4284.5233   
 4297.1721    4321.0630    4322.1304    4323.1983    4324.2671    4377.9362   
 4430.8471    4483.0026    4394.0303    4314.6191    4244.7657    4241.2120   
 4263.7578    4312.4017    4560.1825    4638.1021    4680.9334    4690.8996   
 4686.0826    4679.4916    4670.2386    4654.0205    4647.8875    4652.0762   
 4655.6875    4652.3732    4648.0465    4642.7181    4557.7930    4478.7827   
 4405.7611    4397.3532    4391.2738    4387.5458    4390.1794    4407.1235   
 4438.7869    4440.0271    4441.5994    4443.5593    4497.9408    4560.6692   
 4631.4093    4519.2759    4418.0214    4326.8459    4331.1902    4350.7574   
 4386.4334    4622.8216    4702.7722    4744.7484    4749.7186    4746.2083   
 4740.9348    4733.6658    4729.4443    4730.5605    4734.0763    4734.8726   
 4729.1636    4722.8108    4715.8366    4664.1885    4607.9894    4547.5802   
 4536.2167    4528.1576    4523.3939    4522.3877    4535.2177    4562.3021   
 4563.0341    4564.0646    4565.4132    4618.0085    4683.8746    4762.3528   
 4638.8059    4524.7385    4420.1026    4425.7489    4441.7486    4468.5397   
 4712.4124    4784.5717    4818.0161    4811.6821    4809.0928    4804.3213   
 4797.8602    4802.0580    4808.4886    4812.6736    4812.5199    4806.0449   
 4799.1427    4791.8395    4758.6615    4724.1650    4688.2871    4680.7762   
 4675.3845    4672.1351    4675.8086    4685.2053    4699.6253    4695.5270   
 4690.2605    4683.6403    4738.8000    4805.6887    4885.1287    4755.8030   
 4636.2784    4526.6159    4534.3648    4554.0202    4584.8184    4823.4137   
 4878.6197    4903.1554    4892.3504    4885.3493    4876.8867    4866.9179   
 4862.8962    4863.6585    4867.5423    4868.5744    4865.0062    4860.7854   
 4855.9189    4831.7175    4814.5679    4805.0374    4803.4600    4802.9188   
 4803.4074    4820.2289    4834.7135    4845.9273    4839.9022    4833.2413   
 4826.5607    4877.5538    4937.4658    5006.8846    4887.0385    4781.4174   
 4689.7924    4681.1641    4696.5953    4735.6007    4921.6526    4968.3769   
 4987.6713    4979.5192    4963.8997    4949.4228    4936.0566    4914.4237   
 4904.8380    4905.7929    4905.2727    4905.8211    4906.3513    4906.8618   
 4902.7493    4910.0838    4928.8703    4930.4691    4932.1228    4933.8225   
 4960.9983    4979.9975    4990.7933    4991.7833    4993.3404    4995.4629   
 5033.6082    5073.9450    5116.4094    5029.3383    4958.6369    4904.2214   
 4856.6950    4852.1851    4890.6390    4991.5086    5039.4424    5066.9407   
 5073.6360    5033.2437    4997.2140    4965.3868    4944.7059    4937.0912   
 4941.5525    4946.3307    4946.8985    4947.7982    4949.0373    4960.8532   
 4981.8703    5011.7833    5013.9909    5016.2943    5018.6924    5050.0134   
 5076.1451    5097.7097    5093.2615    5089.5619    5085.3662    5121.9141   
 5154.3470    5181.7885    5088.2218    5008.0238    4942.2936    4910.8890   
 4914.1433    4952.5667    5061.2295    5109.4989    5137.6452    5147.2593   
 5087.7354    5037.2966    4995.9677    4988.9637    4991.4570    5001.2723   
 5009.9355    5011.4133    5012.7273    5013.8789    5036.6929    5062.7014   
 5092.1027    5093.6449    5095.2408    5096.8930    5120.1775    5143.0216   
 5165.3084    5159.5151    5153.4805    5147.0574    5178.0412    5206.5515   
 5234.3798    5128.3483    5040.3698    4969.8915    4954.0210    4968.0956   
 5010.5546    5134.3880    5178.9436    5200.6075    5200.0318    5137.3071   
 5083.0444    5039.4130    5043.1483    5055.1058    5071.0877    5084.2771   
 5085.6513    5087.0162    5088.3734    5107.0961    5124.2276    5139.7887   
 5140.5757    5141.1803    5141.6013    5153.0290    5167.7890    5185.8061   
 5180.3052    5174.6531    5168.7133    5196.0737    5216.2578    5230.5202   
 5123.3808    5038.9356    4977.2110    4978.9079    5003.3840    5049.6303   
 5207.1145    5244.7569    5258.2956    5248.1676    5181.1284    5122.6632   
 5072.9924    5073.7568    5086.8164    5106.4894    5121.9943    5122.8719   
 5123.7614    5124.6619    5134.2671    5143.1022    5151.1503    5153.0890   
 5153.7554    5153.1476    5163.1415    5176.8241    5194.1189    5188.0926   
 5181.9503    5175.5779    5202.1632    5214.1999    5212.8282    5112.1702   
 5036.6097    4985.9184    4992.9850    5019.9429    5066.0897    5272.9239   
 5305.4040    5299.3188    5255.9814    5191.7381    5132.7093    5078.3785   
 5078.9083    5091.5716    5112.7202    5128.5301    5129.3764    5130.0391   
 5130.5200    5137.4147    5144.6902    5152.4446    5154.7173    5155.4700   
 5154.6981    5163.6914    5174.9727    5188.5069    5184.6648    5180.6741   
 5176.4692    5195.6735    5200.9246    5191.8867    5106.3199    5038.7734   
 4989.8865    4992.6441    5017.6342    5064.6946    5345.5305    5365.1141   
 5329.6053    5240.1678    5184.8444    5132.7228    5083.6990    5078.3394   
 5088.5590    5110.4685    5127.6619    5128.4681    5129.2716    5130.0707   
 5136.5935    5143.3829    5150.0912    5151.0015    5151.8848    5152.7411   
 5158.3607    5165.0990    5171.1239    5172.7875    5174.2578    5175.5668   
 5182.6312    5173.9264    5149.5611    5085.7275    5029.5897    4981.2047   
 4981.4889    5004.5148    5050.3404    4427.7166    4426.4153    4432.6849   
 4397.9807    4358.3187    4327.7247    4308.6858    4278.5763    4285.5345   
 4278.2007    4208.0113    4185.0007    4166.6399    4153.3550    4117.9430   
 4091.2565    4072.0497    4058.5245    4047.0411    4038.9409    3995.4075   
 3988.9157    3981.0564    3979.4647    3978.2970    3977.3776    4026.3313   
 4077.6023    4052.1308    4017.6345    3992.4810    3976.8153    3950.3164   
 3980.1186    4085.1175    4473.6844    4503.8609    4526.6025    4523.0035   
 4493.0249    4463.1427    4433.4958    4378.3533    4389.6515    4409.6577   
 4399.2533    4394.4660    4382.6319    4374.4372    4313.2604    4260.9808   
 4229.7610    4193.9013    4174.3657    4165.1683    4104.6008    4109.7200   
 4103.9840    4100.4008    4099.0915    4100.1708    4156.5017    4198.8561   
 4230.2130    4170.8490    4120.6936    4089.7269    4061.5860    4098.3081   
 4162.5198    4518.5517    4567.9715    4610.7647    4623.6336    4605.2587   
 4582.2402    4556.0620    4515.2470    4518.0714    4535.7150    4548.4313   
 4541.5998    4539.3549    4540.3756    4445.0341    4364.9437    4319.1691   
 4287.8946    4269.3628    4259.1496    4218.1824    4236.1141    4228.8804   
 4227.2361    4226.9339    4228.4812    4290.3067    4342.3102    4386.7947   
 4309.6149    4241.4076    4212.0916    4163.9261    4204.5033    4261.2515   
 4568.7472    4623.4367    4682.9435    4694.5172    4689.2072    4680.9417   
 4670.3427    4631.3188    4636.4609    4663.6187    4681.3483    4681.6029   
 4680.5989    4675.3343    4515.9355    4400.0848    4349.9610    4339.5409   
 4330.9654    4326.0237    4338.1510    4354.2972    4380.0690    4380.0867   
 4379.5979    4379.2196    4425.1999    4490.6724    4542.3959    4441.6616   
 4344.1648    4283.9163    4269.9576    4304.5490    4356.1935    4630.4166   
 4669.2918    4753.1847    4762.4076    4752.4994    4741.5477    4730.1718   
 4698.3463    4712.9805    4739.3995    4755.0062    4760.7332    4761.6915   
 4756.7961    4629.7131    4517.7351    4463.5676    4450.0642    4441.9965   
 4442.8440    4436.1836    4458.9842    4496.3853    4496.3476    4496.6887   
 4496.9275    4548.8863    4618.6341    4696.9672    4549.5679    4442.6122   
 4356.7437    4369.2768    4401.6071    4442.3428    4673.9616    4736.1710   
 4818.2968    4806.5228    4805.9324    4800.0157    4792.4567    4790.7174   
 4805.3449    4814.1068    4814.2599    4808.0764    4806.9293    4806.7264   
 4753.6218    4680.4595    4620.3883    4602.8750    4594.5822    4590.2255   
 4578.6624    4599.4585    4618.4311    4619.9670    4619.5586    4618.8414   
 4667.7659    4749.0891    4815.8878    4673.3238    4554.6346    4498.2265   
 4469.6196    4499.8749    4521.6122    4764.2137    4835.3817    4893.5712   
 4882.9608    4880.6168    4879.9571    4879.7933    4883.9343    4889.5266   
 4898.2242    4890.8726    4886.2744    4881.4383    4877.3398    4830.2913   
 4804.8860    4752.9049    4745.8350    4740.3733    4736.3076    4733.0817   
 4751.5969    4759.1431    4756.5650    4754.2498    4752.3579    4798.9160   
 4866.2298    4946.3055    4790.2097    4656.2198    4569.7965    4576.1556   
 4612.8995    4645.3251    4900.7529    4945.3630    4989.2438    4982.9203   
 4975.0225    4965.5104    4952.8796    4942.4957    4941.9217    4950.2970   
 4948.2190    4944.8410    4941.1297    4937.9970    4902.4226    4893.9378   
 4878.0337    4878.0819    4877.1669    4874.4233    4883.3563    4905.4398   
 4907.9489    4902.7420    4898.8559    4897.4863    4947.7512    5024.0722   
 5104.1025    4930.7859    4815.5924    4755.4094    4721.0700    4766.8706   
 4828.4478    4998.7485    5028.3932    5074.7426    5065.3839    5042.5915   
 5020.8985    5004.0635    4981.3320    4986.5420    4992.1556    4990.0252   
 4988.7159    4986.9707    4985.1180    4976.1743    4993.8471    5012.1176   
 5013.4554    5014.8511    5016.2509    5035.7083    5057.0210    5054.7870   
 5053.0557    5051.8794    5052.1064    5104.8173    5179.0878    5256.7704   
 5116.7788    5008.5703    4959.6209    4913.9664    4944.5669    4979.7671   
 5056.1181    5103.7665    5150.5193    5134.7761    5089.3531    5049.0194   
 5024.1094    5001.7877    5007.1163    5013.7768    5021.3991    5018.6611   
 5019.2283    5022.4422    5029.5528    5047.5670    5076.5367    5079.5797   
 5082.5441    5085.4232    5121.6782    5147.5334    5171.7769    5172.0723   
 5172.3863    5165.9022    5215.2429    5259.7256    5281.5135    5134.0035   
 5025.1594    4991.8796    4976.9818    5006.0224    5041.3720    5138.9199   
 5179.1202    5220.3380    5209.0698    5142.1751    5082.2651    5052.5829   
 5046.6971    5061.2419    5069.2339    5076.4754    5078.8704    5080.4820   
 5080.8841    5106.4661    5140.4302    5172.2966    5174.3542    5176.4718   
 5178.6932    5203.6805    5221.7650    5237.2667    5238.0543    5238.7318   
 5239.3015    5268.1214    5294.9278    5324.8860    5177.7530    5082.6097   
 5029.9180    5011.1253    5049.6037    5103.7244    5206.3361    5249.1872   
 5283.1639    5258.5638    5178.3300    5122.7771    5099.1521    5103.2312   
 5122.4990    5138.7850    5150.8676    5152.3708    5153.8261    5155.3829   
 5180.6702    5200.0461    5215.8329    5216.5875    5217.3060    5218.0082   
 5229.4935    5239.9709    5251.3621    5251.8785    5252.3468    5252.7825   
 5275.6655    5304.8223    5319.9426    5166.2930    5077.9963    5042.9557   
 5038.0773    5086.8217    5129.0920    5268.9748    5302.7750    5328.7424   
 5314.8323    5216.7317    5164.1543    5140.6971    5133.2290    5161.4969   
 5180.5223    5194.2740    5195.0291    5195.7711    5196.4546    5206.8588   
 5214.7246    5224.0581    5224.8408    5225.5858    5226.3212    5237.6682   
 5247.4475    5258.4272    5258.9714    5259.4729    5259.9337    5282.9032   
 5301.1832    5321.5830    5154.4061    5073.6698    5063.6257    5053.7530   
 5094.6481    5141.1572    5333.8917    5365.6729    5363.7952    5296.6597   
 5207.2615    5142.4897    5137.5727    5135.4751    5166.1449    5184.1590   
 5197.2137    5197.7875    5198.3547    5198.8953    5207.3281    5215.3183   
 5225.5047    5226.2376    5226.9106    5227.5524    5238.5934    5247.9915   
 5258.1887    5258.6957    5259.1638    5259.5957    5277.0315    5291.8387   
 5290.2857    5158.3911    5080.9832    5055.1000    5051.2888    5078.3498   
 5136.8180    5395.9306    5429.2057    5430.3240    5295.0231    5217.6973   
 5163.2585    5136.8978    5137.3814    5161.5304    5183.4391    5199.4930   
 5199.9915    5200.4327    5200.8145    5208.3342    5216.6790    5224.6205   
 5225.1079    5225.5957    5226.1275    5234.6782    5240.3058    5247.4225   
 5247.7663    5248.1098    5248.4527    5258.3700    5273.5488    5238.7156   
 5145.2263    5075.5926    5036.7524    5025.5462    5069.0093    5112.0560   

